0 0.80078 0.59321 0.79492 0.59176 0.78467 0.58382 0.77881 0.57225 0.77588 0.55636 0.77393 0.53613 0.77490 0.51879 0.77686 0.51156 0.78223 0.50361 0.78711 0.50072 0.79590 0.50072 0.80762 0.51084 0.81201 0.51879 0.81396 0.53035 0.81787 0.56214 0.81689 0.57514 0.81152 0.58598 0.80078 0.59321
0 0.77930 0.67124 0.77441 0.67124 0.76953 0.66691 0.76318 0.65462 0.76221 0.64162 0.76416 0.63006 0.77100 0.60694 0.77734 0.59754 0.78613 0.59176 0.79688 0.59321 0.80127 0.59682 0.80615 0.60694 0.80615 0.62283 0.79932 0.64884 0.79443 0.66040 0.77930 0.67124
0 0.85254 0.68569 0.84668 0.68569 0.83691 0.67991 0.82568 0.66185 0.81885 0.64162 0.81689 0.63295 0.81787 0.61272 0.81934 0.60766 0.82715 0.59899 0.83789 0.59754 0.84180 0.60043 0.85010 0.60983 0.85498 0.62283 0.85889 0.64162 0.86279 0.65173 0.86279 0.66763 0.86084 0.67486 0.85254 0.68569
0 0.83887 0.72760 0.83008 0.72760 0.82031 0.72038 0.79688 0.71171 0.78955 0.70231 0.78467 0.69075 0.78467 0.67486 0.79883 0.65679 0.80371 0.65535 0.84473 0.68569 0.84814 0.69075 0.84912 0.70665 0.84619 0.71821 0.83887 0.72760
0 0.80859 0.80419 0.79883 0.80419 0.78906 0.79697 0.78174 0.78757 0.77979 0.77168 0.78564 0.75289 0.80273 0.72616 0.81055 0.72038 0.81934 0.72038 0.83105 0.72760 0.83643 0.73410 0.83740 0.75434 0.82275 0.78468 0.80859 0.80419
0 0.92969 0.40390 0.91797 0.40246 0.90869 0.39017 0.90674 0.38439 0.90771 0.34104 0.91309 0.33165 0.92773 0.32009 0.93652 0.32298 0.94189 0.33237 0.94482 0.34393 0.94385 0.38439 0.93555 0.40101 0.92969 0.40390
0 0.97070 0.37789 0.96191 0.37789 0.95215 0.37211 0.94775 0.36705 0.94482 0.33960 0.93799 0.32081 0.93799 0.31069 0.93994 0.30202 0.94629 0.29263 0.95605 0.28540 0.96582 0.28829 0.97510 0.29913 0.98682 0.34971 0.98193 0.36705 0.97852 0.37211 0.97070 0.37789
0 0.99902 0.49205 0.99756 0.49277 0.99658 0.50000 0.99268 0.50867 0.97949 0.52384 0.96484 0.52240 0.95850 0.51445 0.95459 0.50289 0.95557 0.48844 0.96045 0.47254 0.97217 0.44653 0.97754 0.43858 0.98047 0.43569 0.99512 0.43858 0.99902 0.44147
0 0.96094 0.24783 0.94824 0.24639 0.94238 0.24350 0.93799 0.23410 0.93506 0.21676 0.93701 0.19220 0.94482 0.16474 0.95117 0.15535 0.95996 0.15101 0.96680 0.15246 0.97119 0.15751 0.97607 0.17775 0.97607 0.20520 0.97314 0.22110 0.96826 0.23844 0.96387 0.24639 0.96094 0.24783
0 0.98047 0.10043 0.95605 0.10043 0.94824 0.09899 0.94141 0.09465 0.93408 0.07948 0.93311 0.06792 0.93604 0.05636 0.94629 0.04697 0.96973 0.04697 0.98438 0.05564 0.99463 0.07370 0.99561 0.08526 0.99121 0.09321 0.98047 0.10043
0 0.84766 0.10043 0.84082 0.10043 0.83789 0.09610 0.83301 0.09465 0.82666 0.08526 0.82471 0.07659 0.83105 0.05564 0.85449 0.04263 0.86426 0.04118 0.87793 0.04408 0.88428 0.04913 0.88721 0.06069 0.88721 0.07081 0.87988 0.08598 0.85645 0.09899 0.84766 0.10043
0 0.82617 0.13656 0.81543 0.13367 0.79004 0.11633 0.78076 0.10116 0.77979 0.08815 0.78271 0.07659 0.79199 0.06864 0.80566 0.06864 0.82227 0.08020 0.83496 0.09899 0.83789 0.10043 0.84033 0.10694 0.84033 0.12283 0.83496 0.13078 0.82617 0.13656
0 0.76465 0.11777 0.75293 0.11488 0.74414 0.10766 0.73682 0.08671 0.73291 0.06936 0.73193 0.04913 0.73486 0.03757 0.73926 0.03107 0.75098 0.02962 0.76074 0.03829 0.76807 0.05058 0.77393 0.06936 0.77393 0.09682 0.77002 0.11127 0.76465 0.11777
0 0.65430 0.11488 0.64941 0.11199 0.64600 0.10694 0.63818 0.09538 0.63525 0.08671 0.63428 0.04335 0.63525 0.03902 0.64746 0.02095 0.65234 0.01662 0.66113 0.01662 0.67334 0.02457 0.67529 0.04046 0.67236 0.05636 0.67236 0.07081 0.66943 0.08526 0.66553 0.09393 0.66162 0.11127 0.65430 0.11488
0 0.80371 0.41691 0.78613 0.40968 0.77393 0.39451 0.76416 0.37572 0.76318 0.35549 0.76709 0.34538 0.77246 0.33887 0.78516 0.33743 0.79395 0.34176 0.80469 0.35188 0.81885 0.37139 0.82080 0.38295 0.82080 0.40029 0.81445 0.41113 0.80371 0.41691
0 0.58887 0.65535 0.58203 0.65390 0.57666 0.64740 0.57178 0.63006 0.57178 0.62139 0.57373 0.61416 0.58789 0.59321 0.60254 0.57876 0.61230 0.57442 0.61914 0.57442 0.62305 0.57731 0.62842 0.58526 0.63135 0.60116 0.63037 0.61127 0.62646 0.62428 0.61426 0.64090 0.60840 0.64379 0.60156 0.65101 0.58887 0.65535
0 0.66113 0.54118 0.65332 0.53974 0.64697 0.53179 0.64502 0.52601 0.64502 0.49277 0.65088 0.46243 0.66113 0.44870 0.67090 0.44292 0.67480 0.44581 0.68506 0.46387 0.68604 0.48844 0.68213 0.51156 0.67627 0.53035 0.66992 0.53829 0.66113 0.54118
0 0.64648 0.45592 0.64160 0.45448 0.63721 0.44653 0.62646 0.41329 0.62354 0.38873 0.62451 0.37717 0.62842 0.36850 0.63965 0.35910 0.64746 0.36199 0.65869 0.37572 0.66260 0.38584 0.66748 0.40751 0.66748 0.44220 0.66406 0.44725 0.66016 0.44725 0.65332 0.45448 0.64648 0.45592
0 0.62402 0.47616 0.61523 0.47471 0.60254 0.46460 0.59424 0.44942 0.59033 0.43786 0.58838 0.41763 0.59131 0.40607 0.59473 0.40101 0.60645 0.39957 0.61523 0.40246 0.63330 0.43931 0.63525 0.44509 0.63623 0.46387 0.63086 0.47327 0.62402 0.47616
0 0.62207 0.57442 0.59766 0.57442 0.59277 0.57153 0.58838 0.56214 0.58838 0.54769 0.59131 0.53757 0.59570 0.52962 0.61914 0.51517 0.63281 0.51228 0.63770 0.51517 0.64307 0.52312 0.64600 0.53324 0.65186 0.54191 0.64355 0.55853 0.62207 0.57442
0 0.54297 0.57731 0.53516 0.57587 0.53271 0.57225 0.52783 0.55347 0.52783 0.54191 0.53174 0.52890 0.54102 0.51662 0.56348 0.50072 0.56934 0.50072 0.58203 0.51084 0.59229 0.52890 0.58936 0.53902 0.58398 0.54552 0.57715 0.54986 0.57031 0.55997 0.55957 0.56575 0.54785 0.57587 0.54297 0.57731
0 0.89453 0.87789 0.88672 0.87789 0.87744 0.86561 0.87451 0.85260 0.87451 0.83526 0.87939 0.80347 0.88330 0.79335 0.89160 0.78540 0.89941 0.78396 0.90723 0.78829 0.91260 0.79624 0.91650 0.80780 0.91650 0.81647 0.91357 0.84249 0.90771 0.86561 0.90137 0.87355 0.89453 0.87789
0 0.85059 0.92991 0.83398 0.92702 0.82764 0.92197 0.82568 0.91329 0.82568 0.90173 0.82764 0.89451 0.83691 0.87789 0.85742 0.86344 0.87012 0.86344 0.87598 0.86633 0.88428 0.87861 0.88428 0.89306 0.88135 0.90751 0.87207 0.91691 0.85938 0.92269 0.85059 0.92991
0 0.99902 0.95737 0.99756 0.95809 0.99658 0.97254 0.99414 0.97616 0.98145 0.98483 0.97656 0.98483 0.97217 0.97543 0.97021 0.95665 0.96240 0.93497 0.96240 0.92197 0.97363 0.90390 0.98340 0.90246 0.98828 0.90535 0.99463 0.91474 0.99756 0.92630 0.99902 0.92702
0 0.91113 0.99494 0.89160 0.99494 0.87012 0.98627 0.86182 0.97254 0.86182 0.95954 0.86377 0.95087 0.86914 0.94292 0.87891 0.93714 0.88281 0.93714 0.90820 0.94870 0.91553 0.95665 0.92139 0.97977 0.92041 0.98555 0.91113 0.99494
0 0.83789 0.98627 0.81055 0.98483 0.79688 0.97471 0.79248 0.95376 0.79541 0.94075 0.80078 0.93280 0.80371 0.93136 0.82227 0.92991 0.85059 0.93425 0.85986 0.94798 0.85986 0.95376 0.85303 0.97399 0.83789 0.98627
0 0.73047 0.32298 0.72070 0.32298 0.71582 0.32009 0.71045 0.30780 0.71045 0.29335 0.71826 0.25723 0.72656 0.24494 0.73242 0.23916 0.73730 0.23772 0.74609 0.24205 0.75244 0.25145 0.75342 0.26879 0.74365 0.31069 0.74023 0.31575 0.73047 0.32298
0 0.69922 0.31575 0.68848 0.31431 0.68164 0.30708 0.67822 0.29913 0.67822 0.27746 0.68018 0.27168 0.67920 0.25867 0.68115 0.24422 0.68604 0.23555 0.68701 0.22832 0.69531 0.21893 0.70020 0.21893 0.70654 0.22543 0.71436 0.23844 0.71631 0.25145 0.71143 0.26879 0.70752 0.29913 0.70361 0.31069 0.69922 0.31575
0 0.65430 0.27529 0.64746 0.27529 0.63965 0.26951 0.63428 0.26156 0.62451 0.23988 0.62158 0.22399 0.62061 0.20520 0.62598 0.19436 0.63281 0.18858 0.63965 0.18858 0.65723 0.20737 0.66455 0.22688 0.66748 0.23988 0.66650 0.26301 0.66406 0.27095 0.65430 0.27529
0 0.66113 0.20448 0.65625 0.20448 0.64209 0.18642 0.64014 0.16763 0.64111 0.13584 0.64746 0.12500 0.65723 0.11633 0.66309 0.11777 0.67334 0.12861 0.67529 0.13439 0.67529 0.14884 0.67725 0.15896 0.67725 0.17197 0.67432 0.18642 0.66504 0.20159 0.66113 0.20448
0 0.62012 0.12789 0.61426 0.12645 0.60254 0.11777 0.58398 0.09899 0.57861 0.09104 0.57666 0.08092 0.58057 0.06358 0.58496 0.05708 0.59766 0.05275 0.60547 0.05419 0.62012 0.06575 0.62744 0.07514 0.63525 0.09393 0.63623 0.10983 0.63281 0.12066 0.62598 0.12645 0.62012 0.12789
0 0.57812 0.24061 0.56445 0.24061 0.56152 0.23772 0.55615 0.22832 0.55518 0.21387 0.56055 0.20448 0.56787 0.19653 0.57080 0.18786 0.57617 0.17991 0.57812 0.17991 0.58496 0.17124 0.59570 0.16980 0.59961 0.17269 0.60693 0.18642 0.60596 0.20809 0.59180 0.22905 0.57812 0.24061
0 0.54883 0.20159 0.54102 0.19870 0.52979 0.18208 0.52100 0.16185 0.52002 0.15173 0.52295 0.14017 0.52930 0.12934 0.53516 0.12355 0.54688 0.12645 0.55664 0.13512 0.56689 0.15173 0.57178 0.16908 0.57178 0.18064 0.56152 0.19581 0.55566 0.20014 0.54883 0.20159
0 0.53027 0.10766 0.50195 0.10766 0.49023 0.10188 0.48584 0.09393 0.48389 0.07803 0.48877 0.06214 0.49707 0.05419 0.50195 0.05275 0.51855 0.05275 0.52539 0.04986 0.53418 0.05275 0.54541 0.07514 0.54639 0.08526 0.53516 0.10332 0.53027 0.10766
0 0.53613 0.36199 0.52344 0.35910 0.51709 0.35260 0.51514 0.33671 0.51709 0.32225 0.52393 0.30780 0.53613 0.28974 0.54785 0.28251 0.55859 0.28396 0.56348 0.28829 0.56787 0.29769 0.56787 0.30925 0.56494 0.32659 0.55811 0.34249 0.54980 0.35621 0.54395 0.36055 0.53613 0.36199
0 0.53711 0.41546 0.49902 0.41113 0.49561 0.40607 0.49268 0.39162 0.49463 0.37861 0.51074 0.36344 0.54590 0.36488 0.55322 0.38006 0.55322 0.39451 0.55029 0.40318 0.54590 0.40968 0.53711 0.41546
0 0.50098 0.36777 0.48047 0.36633 0.46387 0.35043 0.45947 0.34393 0.45752 0.33382 0.45752 0.32225 0.46094 0.31720 0.47266 0.30853 0.48340 0.30853 0.50684 0.32009 0.51221 0.33092 0.51416 0.35116 0.51172 0.36055 0.50098 0.36777
0 0.48047 0.42847 0.46973 0.42702 0.46289 0.42269 0.45605 0.41402 0.44629 0.40679 0.43701 0.39017 0.43506 0.38584 0.43506 0.36994 0.43701 0.36272 0.44434 0.35043 0.44824 0.34754 0.45312 0.34754 0.45898 0.35332 0.46777 0.35766 0.47656 0.36488 0.48779 0.38150 0.49365 0.40029 0.49463 0.41185 0.49023 0.42269 0.48047 0.42847
0 0.58789 0.79552 0.56641 0.79552 0.56250 0.79263 0.56006 0.78902 0.55615 0.77312 0.55615 0.76445 0.55811 0.75867 0.56738 0.74639 0.59180 0.73916 0.60156 0.73916 0.61328 0.74639 0.61768 0.75867 0.61670 0.77457 0.61133 0.78251 0.59961 0.79263 0.58789 0.79552
0 0.69238 0.94147 0.68457 0.94003 0.68213 0.93642 0.68164 0.92847 0.67871 0.92847 0.66895 0.93569 0.66504 0.93569 0.63770 0.90535 0.63232 0.89740 0.63232 0.86705 0.64160 0.85910 0.65332 0.85477 0.66309 0.85621 0.66748 0.86705 0.67383 0.87500 0.67578 0.87500 0.68604 0.89306 0.68896 0.90751 0.68896 0.91763 0.69287 0.93064 0.69580 0.93497 0.69580 0.93786 0.69238 0.94147
0 0.58594 0.84754 0.57422 0.84754 0.56592 0.83815 0.56104 0.82659 0.56104 0.81358 0.56299 0.80491 0.56641 0.79986 0.57422 0.79697 0.59375 0.79408 0.60840 0.79697 0.61084 0.80058 0.61377 0.81214 0.61279 0.83382 0.60645 0.84032 0.58594 0.84754
0 0.59570 0.98338 0.58496 0.98338 0.58105 0.98049 0.57471 0.96965 0.57373 0.95954 0.57666 0.94509 0.58105 0.93425 0.61621 0.91402 0.62109 0.91402 0.62695 0.91835 0.63818 0.93208 0.64014 0.93786 0.63818 0.95520 0.63184 0.96604 0.61621 0.97760 0.59570 0.98338
0 0.53320 0.95014 0.51562 0.95014 0.50098 0.94292 0.49756 0.92775 0.49756 0.91618 0.49951 0.91040 0.50879 0.89812 0.51758 0.89379 0.54199 0.89379 0.55273 0.89957 0.55713 0.90607 0.56104 0.91763 0.56006 0.93064 0.55664 0.93714 0.54785 0.94581 0.53320 0.95014
0 0.48730 0.91691 0.47266 0.91546 0.45898 0.91113 0.45068 0.89884 0.44482 0.88150 0.44482 0.87572 0.45312 0.86199 0.46582 0.85477 0.48047 0.85621 0.49805 0.86633 0.50635 0.88295 0.50732 0.89451 0.50537 0.90029 0.49902 0.90824 0.48730 0.91691
0 0.44824 0.85332 0.43750 0.85188 0.41797 0.83887 0.40088 0.81647 0.39795 0.80058 0.39795 0.79046 0.39990 0.78324 0.40332 0.77818 0.41602 0.77818 0.41992 0.78107 0.43262 0.78251 0.44043 0.78829 0.45850 0.81358 0.46338 0.82514 0.46436 0.83526 0.46240 0.84104 0.45508 0.85043 0.44824 0.85332
0 0.03809 0.88223 0.02734 0.88078 0.02100 0.87572 0.01807 0.86850 0.01611 0.83815 0.01611 0.81503 0.01904 0.80202 0.02930 0.78396 0.03516 0.78107 0.04590 0.78685 0.05713 0.80636 0.05615 0.83815 0.05127 0.86850 0.04688 0.87645 0.03809 0.88223
0 0.48145 0.64668 0.47559 0.64523 0.46582 0.63801 0.45752 0.62717 0.45752 0.61127 0.46484 0.59899 0.49609 0.58020 0.51367 0.58165 0.52441 0.58887 0.52783 0.59393 0.53076 0.60405 0.53076 0.61272 0.52148 0.62645 0.50391 0.64090 0.49316 0.64523 0.48145 0.64668
0 0.43848 0.73194 0.43164 0.72905 0.42822 0.72399 0.42236 0.70665 0.42236 0.69509 0.42871 0.68425 0.43750 0.67558 0.44629 0.66257 0.45703 0.65679 0.46582 0.65390 0.47559 0.65390 0.48584 0.66329 0.48779 0.66763 0.48877 0.67919 0.48486 0.69364 0.48145 0.69870 0.46875 0.70882 0.45508 0.72327 0.43848 0.73194
0 0.42090 0.68280 0.41699 0.68136 0.41260 0.67486 0.41064 0.66763 0.40967 0.65751 0.41162 0.64451 0.42334 0.60838 0.43262 0.59899 0.43848 0.59899 0.44238 0.60188 0.44971 0.61272 0.45166 0.61994 0.45166 0.63295 0.44189 0.66474 0.43262 0.67702 0.42090 0.68280
0 0.36230 0.44870 0.34668 0.44292 0.34229 0.43786 0.34326 0.41040 0.34912 0.37572 0.35449 0.36777 0.36914 0.35910 0.37500 0.36199 0.38232 0.37283 0.38428 0.37861 0.38428 0.38728 0.37842 0.40896 0.37744 0.42341 0.37451 0.43497 0.36621 0.44725 0.36230 0.44870
0 0.46680 0.22760 0.45605 0.22471 0.44678 0.21243 0.44287 0.20087 0.44287 0.17919 0.44482 0.15751 0.44971 0.14884 0.45361 0.13584 0.46289 0.12645 0.46875 0.12500 0.47656 0.13078 0.48486 0.14595 0.48779 0.15896 0.48779 0.17486 0.48096 0.20954 0.47461 0.22182 0.46680 0.22760
0 0.41992 0.36777 0.41113 0.36777 0.39893 0.35549 0.40088 0.32803 0.40283 0.32225 0.40723 0.31720 0.41211 0.31575 0.42676 0.30419 0.43848 0.29986 0.44824 0.30419 0.45459 0.31792 0.45459 0.33092 0.45166 0.34249 0.43945 0.35332 0.43359 0.36199 0.41992 0.36777
0 0.37891 0.35621 0.37305 0.35621 0.36084 0.33671 0.35791 0.32803 0.35791 0.31792 0.36279 0.29624 0.36084 0.25145 0.36377 0.24422 0.37305 0.23338 0.38379 0.23483 0.39502 0.24855 0.40381 0.28468 0.40381 0.30491 0.39502 0.33526 0.38770 0.34899 0.37891 0.35621
0 0.27344 0.80708 0.26660 0.80708 0.25439 0.79335 0.23975 0.75434 0.23975 0.73844 0.24170 0.72543 0.24707 0.71749 0.26172 0.71604 0.26660 0.71893 0.27393 0.72832 0.28174 0.75000 0.28467 0.77312 0.28467 0.79191 0.28223 0.79986 0.27344 0.80708
0 0.30957 0.85621 0.29688 0.85477 0.28760 0.84393 0.28467 0.83526 0.28467 0.82370 0.28760 0.81647 0.29395 0.80708 0.30273 0.80130 0.32617 0.79697 0.33398 0.79697 0.34082 0.79986 0.34619 0.80780 0.34814 0.81647 0.34619 0.83382 0.34424 0.83815 0.33789 0.84754 0.32031 0.85477 0.30957 0.85621
0 0.32227 0.52818 0.30762 0.52240 0.29248 0.49711 0.28857 0.48699 0.28955 0.48121 0.28564 0.47688 0.28564 0.46243 0.29004 0.45448 0.29883 0.45159 0.30957 0.45159 0.32031 0.46171 0.33545 0.48699 0.33838 0.49566 0.33838 0.51156 0.33301 0.52240 0.32227 0.52818
0 0.29492 0.45014 0.28516 0.45014 0.28076 0.44509 0.27588 0.43353 0.27588 0.42197 0.28174 0.40462 0.28516 0.39957 0.31152 0.38801 0.32422 0.38656 0.33203 0.39234 0.33740 0.40029 0.33936 0.40751 0.33838 0.42052 0.33545 0.43208 0.33105 0.44003 0.31152 0.44725 0.29980 0.44725 0.29492 0.45014
0 0.24805 0.43714 0.23730 0.43714 0.22900 0.42919 0.22510 0.41618 0.22510 0.39884 0.22998 0.38728 0.23730 0.37645 0.25391 0.36488 0.26562 0.36199 0.27539 0.36922 0.28076 0.37717 0.28271 0.38439 0.28174 0.40173 0.27295 0.41908 0.26855 0.42413 0.25586 0.43425 0.24805 0.43714
0 0.08496 0.60621 0.07812 0.60621 0.07031 0.59899 0.06006 0.58526 0.04932 0.56503 0.04639 0.55491 0.04639 0.54480 0.05225 0.53179 0.05566 0.52818 0.06641 0.52384 0.07520 0.52673 0.09033 0.54624 0.09814 0.56358 0.10107 0.59249 0.09473 0.60188 0.08496 0.60621
0 0.12012 0.59754 0.11328 0.59754 0.10840 0.59465 0.10498 0.58960 0.10107 0.57803 0.10010 0.56936 0.10107 0.52023 0.10840 0.50650 0.11426 0.50217 0.12012 0.50217 0.12988 0.50795 0.13525 0.51734 0.13818 0.53179 0.13721 0.55636 0.13428 0.57948 0.12695 0.59321 0.12012 0.59754
0 0.34082 0.24928 0.33301 0.24928 0.32666 0.24422 0.31982 0.22832 0.31982 0.21243 0.32373 0.19364 0.32959 0.17630 0.33594 0.16835 0.34668 0.16402 0.35254 0.16546 0.36572 0.17486 0.36572 0.19509 0.36377 0.20665 0.34912 0.24422 0.34082 0.24928
0 0.27051 0.27673 0.26172 0.27673 0.25195 0.26951 0.23096 0.23121 0.22998 0.21965 0.23291 0.21098 0.24316 0.19581 0.25098 0.19581 0.26367 0.20448 0.27393 0.21821 0.28369 0.23699 0.28564 0.24855 0.28467 0.26156 0.27832 0.27240 0.27051 0.27673
0 0.12988 0.46604 0.12109 0.46604 0.11328 0.46171 0.08740 0.41763 0.08643 0.39451 0.08740 0.38728 0.09082 0.38078 0.09766 0.37645 0.10352 0.37645 0.11621 0.38223 0.12744 0.39740 0.13721 0.41763 0.14014 0.42775 0.14014 0.43786 0.13623 0.44798 0.13525 0.45954 0.12988 0.46604
0 0.16797 0.49350 0.15234 0.49350 0.13916 0.47977 0.13525 0.46387 0.13721 0.44798 0.14258 0.42847 0.15918 0.41980 0.17480 0.41980 0.18555 0.42558 0.18896 0.43064 0.19189 0.44509 0.18701 0.46821 0.18164 0.47905 0.16797 0.49350
0 0.31348 0.79841 0.29590 0.79697 0.29102 0.79408 0.28760 0.78902 0.28467 0.78035 0.28369 0.76879 0.28516 0.75217 0.29102 0.75361 0.31738 0.74350 0.32812 0.74494 0.34277 0.75650 0.34912 0.76734 0.34082 0.79552 0.33496 0.79408 0.33008 0.79697 0.31348 0.79841
0 0.16504 0.27962 0.15918 0.27962 0.14941 0.27240 0.14697 0.26734 0.14697 0.22832 0.14893 0.20954 0.15381 0.19653 0.16211 0.18714 0.17480 0.18569 0.18408 0.19653 0.18799 0.20520 0.18799 0.20954 0.18408 0.22543 0.18311 0.23988 0.17627 0.26734 0.17090 0.27529 0.16504 0.27962
0 0.10840 0.29118 0.09961 0.28974 0.08838 0.27457 0.08643 0.26734 0.08643 0.25867 0.09033 0.24711 0.10254 0.22905 0.10547 0.22760 0.11230 0.23194 0.12988 0.23338 0.13770 0.23916 0.14209 0.24566 0.14307 0.25289 0.14307 0.27023 0.14111 0.27601 0.13379 0.28396 0.10840 0.29118
0 0.38672 0.09610 0.36621 0.09610 0.34766 0.08020 0.33838 0.06214 0.33740 0.04913 0.33936 0.04046 0.35254 0.02529 0.36133 0.02673 0.37988 0.03974 0.39209 0.05491 0.39600 0.06503 0.39600 0.08382 0.39258 0.09176 0.38672 0.09610
0 0.33789 0.15246 0.32422 0.15246 0.31836 0.14957 0.31494 0.14306 0.31006 0.12428 0.31006 0.11561 0.31250 0.10766 0.32031 0.10332 0.33105 0.08887 0.34570 0.08165 0.36084 0.09249 0.36475 0.10116 0.36475 0.11416 0.36279 0.12139 0.34863 0.14379 0.33789 0.15246
0 0.28320 0.20303 0.26270 0.19870 0.24609 0.18714 0.24365 0.18353 0.24170 0.17486 0.24268 0.16185 0.24561 0.15462 0.25000 0.14812 0.25586 0.14379 0.27441 0.14523 0.29297 0.15101 0.29834 0.16185 0.29834 0.18064 0.29150 0.19798 0.28320 0.20303
0 0.30273 0.10332 0.29102 0.10332 0.28320 0.09754 0.27686 0.08960 0.27100 0.07225 0.26904 0.05780 0.26416 0.04480 0.26416 0.03757 0.27148 0.02240 0.28027 0.01517 0.29053 0.01734 0.29834 0.03757 0.30615 0.05058 0.31201 0.06503 0.31396 0.07370 0.31201 0.09104 0.30762 0.09899 0.30273 0.10332
0 0.31152 0.04841 0.30322 0.04335 0.29932 0.02746 0.29932 0.01156 0.30469 0.00361 0.34766 0.00217 0.35303 0.00434 0.35205 0.01301 0.34961 0.01662 0.33496 0.02962 0.32520 0.04263 0.31152 0.04841
0 0.23730 0.05708 0.21777 0.05130 0.19727 0.03685 0.18896 0.02457 0.18799 0.01879 0.18994 0.00578 0.19141 0.00361 0.19922 0.00217 0.23242 0.00361 0.23730 0.01084 0.24512 0.01373 0.25049 0.02312 0.25244 0.03757 0.25146 0.04191 0.24414 0.05275 0.23730 0.05708
0 0.82129 0.41980 0.82275 0.39884 0.81641 0.36199 0.80371 0.35621 0.77441 0.33887 0.76709 0.35983 0.76123 0.37717 0.76074 0.38801 0.75732 0.36705 0.76123 0.33526 0.75928 0.31647 0.74756 0.30780 0.75439 0.29335 0.76270 0.27673 0.76904 0.28324 0.76758 0.25939 0.78467 0.25145 0.78125 0.23772 0.76465 0.24350 0.76318 0.26301 0.75732 0.26879 0.76025 0.23988 0.76172 0.22327 0.76709 0.22399 0.77148 0.21171 0.78076 0.20231 0.78809 0.19725 0.80371 0.19147 0.80908 0.18786 0.79688 0.18714 0.78711 0.17991 0.76562 0.16835 0.76562 0.15246 0.75293 0.14234 0.75342 0.13728 0.76660 0.14957 0.78076 0.13728 0.77393 0.12428 0.77783 0.07225 0.79785 0.06864 0.82666 0.08237 0.86621 0.09899 0.87598 0.11488 0.87158 0.12428 0.87842 0.14740 0.88281 0.16113 0.86475 0.15751 0.86572 0.18208 0.87695 0.19581 0.89209 0.21821 0.89844 0.24494 0.87549 0.25867 0.87793 0.24061 0.85938 0.23916 0.85156 0.24494 0.83447 0.25145 0.82617 0.26951 0.80908 0.28324 0.82031 0.28107 0.83594 0.28107 0.84033 0.29046 0.84180 0.26517 0.85840 0.26951 0.86377 0.28179 0.85107 0.29046 0.85449 0.32009 0.83789 0.32876 0.83789 0.35332 0.84619 0.36416 0.84131 0.38873 0.82568 0.41763
0 0.83594 0.82876 0.79199 0.81142 0.81885 0.79913 0.84473 0.76951 0.83350 0.73266 0.84863 0.70592 0.86182 0.67052 0.83984 0.60043 0.83545 0.67341 0.80957 0.66546 0.79932 0.63728 0.79736 0.59393 0.81104 0.52023 0.77783 0.55780 0.79199 0.58887 0.76416 0.64884 0.78857 0.66908 0.80908 0.71821 0.77686 0.78035 0.76758 0.74061 0.74561 0.74566 0.73584 0.72543 0.71436 0.70231 0.70020 0.69436 0.69873 0.65607 0.68848 0.63801 0.65430 0.61199 0.62842 0.58237 0.64062 0.59465 0.65820 0.57587 0.67529 0.53613 0.69531 0.47327 0.70947 0.49855 0.71680 0.51084 0.69531 0.52384 0.71777 0.56575 0.72900 0.58815 0.74854 0.61705 0.72656 0.63512 0.70410 0.63512 0.72510 0.67341 0.74219 0.69003 0.78223 0.71749 0.75781 0.66835 0.75439 0.61416 0.77295 0.57225 0.75635 0.51879 0.79688 0.48916 0.82422 0.49205 0.85010 0.49422 0.87598 0.48049 0.89258 0.49350 0.91504 0.53107 0.91260 0.56936 0.89697 0.60549 0.88135 0.62861 0.88818 0.66763 0.86475 0.70231 0.85938 0.73772 0.87451 0.77601 0.85840 0.79552 0.84619 0.81936
0 0.91113 0.88367 0.90869 0.87572 0.90674 0.86416 0.91455 0.84393 0.91553 0.81792 0.91357 0.80636 0.90430 0.78540 0.89160 0.77962 0.88867 0.78829 0.88232 0.78757 0.88037 0.80347 0.87744 0.82225 0.87744 0.83815 0.87842 0.85405 0.87256 0.85694 0.86670 0.85694 0.86572 0.84538 0.86279 0.83092 0.86426 0.81575 0.87061 0.80347 0.86865 0.79191 0.86719 0.78829 0.86328 0.77818 0.87158 0.77168 0.87891 0.76951 0.88965 0.77529 0.91260 0.76445 0.90723 0.75795 0.90771 0.74566 0.90381 0.73410 0.90820 0.72182 0.91553 0.73555 0.92236 0.73699 0.92529 0.72543 0.93994 0.71387 0.93555 0.70448 0.91895 0.71460 0.91797 0.70448 0.93213 0.70376 0.92090 0.69725 0.91748 0.68497 0.91113 0.67702 0.90625 0.67124 0.91455 0.66763 0.92480 0.67413 0.94043 0.68425 0.94775 0.69798 0.96143 0.70665 0.96045 0.71532 0.95557 0.73266 0.95361 0.75289 0.96240 0.76012 0.95361 0.76301 0.96045 0.77312 0.95605 0.78396 0.94385 0.78035 0.94336 0.78829 0.94092 0.79046 0.93408 0.79480 0.93408 0.81214 0.93262 0.82876 0.93359 0.83598 0.92871 0.85621 0.91650 0.85694 0.91455 0.88006
0 0.84863 0.76951 0.84082 0.74639 0.84521 0.70231 0.85791 0.67919 0.85596 0.63439 0.82617 0.60332 0.82568 0.65318 0.82666 0.67919 0.80811 0.66040 0.79541 0.65462 0.80420 0.62139 0.80029 0.59971 0.78613 0.59465 0.76611 0.64017 0.76465 0.66257 0.78857 0.66908 0.79590 0.70592 0.81348 0.71749 0.78467 0.75434 0.77686 0.74566 0.75879 0.72182 0.73877 0.74133 0.74854 0.72399 0.72266 0.69870 0.71045 0.66040 0.72852 0.69147 0.75049 0.69798 0.77930 0.72616 0.79736 0.71387 0.76807 0.69509 0.75488 0.66402 0.75439 0.61416 0.76709 0.59104 0.76904 0.54769 0.75586 0.52962 0.75928 0.48266 0.77832 0.47616 0.79346 0.45665 0.76709 0.43353 0.77979 0.42919 0.75781 0.39234 0.75879 0.35332 0.76611 0.37428 0.79785 0.41113 0.81592 0.37572 0.83301 0.36488 0.85547 0.38223 0.88037 0.40173 0.89893 0.42919 0.90674 0.45087 0.90381 0.48988 0.90869 0.52023 0.90918 0.53829 0.91357 0.56792 0.90088 0.59827 0.88965 0.60766 0.87451 0.63439 0.88818 0.66040 0.87549 0.67775 0.86670 0.70809 0.85840 0.71460 0.85547 0.73338 0.84668 0.74205 0.85352 0.74783 0.85498 0.76012
0 0.99902 0.62211 0.99463 0.63728 0.98975 0.64884 0.98242 0.65535 0.98486 0.66185 0.98584 0.67341 0.97363 0.68569 0.96143 0.68642 0.97363 0.68858 0.98438 0.69292 0.97363 0.70303 0.96338 0.71387 0.95654 0.72977 0.94922 0.74783 0.93555 0.74350 0.93457 0.72327 0.94580 0.71243 0.95752 0.68786 0.95996 0.67558 0.96973 0.67702 0.96680 0.67124 0.95654 0.66763 0.95850 0.64017 0.95605 0.62211 0.94580 0.62139 0.95459 0.63584 0.94922 0.64379 0.94727 0.64668 0.93848 0.64090 0.93701 0.64451 0.92725 0.64451 0.92041 0.63295 0.92041 0.62139 0.92627 0.61994 0.92334 0.60983 0.93164 0.60766 0.93164 0.59610 0.94629 0.60043 0.95068 0.59393 0.94238 0.58887 0.93311 0.58671 0.94531 0.57876 0.95215 0.57009 0.96680 0.56286 0.97217 0.55491 0.97363 0.52962 0.98096 0.54769 0.98096 0.58671 0.98096 0.59538 0.98193 0.60549 0.98096 0.61272 0.97803 0.61705 0.98291 0.63295 0.97754 0.63512 0.98486 0.64451 0.98584 0.58526 0.98877 0.56503 0.99316 0.57009 0.99561 0.57803 0.99121 0.57587 0.99072 0.59827 0.99902 0.61922
0 0.86230 0.94725 0.84570 0.93136 0.81201 0.91908 0.81689 0.89884 0.82080 0.89017 0.82373 0.86416 0.82715 0.85043 0.81445 0.84899 0.81104 0.84104 0.80420 0.83382 0.80225 0.83237 0.79785 0.82298 0.79395 0.81720 0.77832 0.79986 0.78613 0.79118 0.81055 0.80708 0.82178 0.78468 0.84033 0.74133 0.84473 0.72905 0.85791 0.71532 0.86328 0.71315 0.86328 0.72182 0.86719 0.73916 0.87891 0.73916 0.89062 0.74350 0.89453 0.74494 0.88574 0.76951 0.91064 0.76445 0.89746 0.75361 0.90527 0.74350 0.91357 0.74277 0.90088 0.73844 0.90820 0.72327 0.91455 0.74277 0.92871 0.74205 0.92725 0.74133 0.93164 0.72038 0.94922 0.71171 0.95898 0.71315 0.95947 0.72110 0.96143 0.74566 0.94824 0.75072 0.93750 0.75361 0.93018 0.76445 0.93311 0.77601 0.93701 0.78468 0.94678 0.79191 0.94580 0.81069 0.95312 0.83309 0.95947 0.84538 0.96826 0.86850 0.96143 0.88728 0.95264 0.90751 0.95264 0.91763 0.94678 0.93353 0.94482 0.93786 0.92334 0.93064 0.92627 0.91040 0.91260 0.91474 0.91748 0.93786 0.90039 0.94292 0.88672 0.93858 0.87500 0.93425
0 0.72852 0.95448 0.72070 0.93280 0.70801 0.93136 0.69629 0.92413 0.69092 0.92630 0.70068 0.91908 0.69385 0.91185 0.68994 0.90318 0.68408 0.88150 0.68066 0.87500 0.67041 0.86561 0.66895 0.85332 0.65527 0.85043 0.63672 0.86055 0.63037 0.86850 0.62500 0.89957 0.62158 0.88728 0.61475 0.88006 0.61768 0.86127 0.61426 0.85043 0.61084 0.86416 0.60693 0.86850 0.60400 0.85838 0.60303 0.84827 0.61768 0.83815 0.62891 0.79697 0.64648 0.79552 0.64795 0.78324 0.65576 0.77312 0.65771 0.76301 0.66992 0.75072 0.69531 0.73627 0.70215 0.73627 0.70752 0.72977 0.71680 0.72038 0.72217 0.72977 0.72021 0.74133 0.73486 0.75145 0.72900 0.75578 0.72559 0.76951 0.72217 0.77890 0.70898 0.78540 0.71143 0.79913 0.68018 0.80780 0.67188 0.80564 0.66748 0.80636 0.65332 0.80130 0.65283 0.81069 0.67871 0.81142 0.67920 0.82659 0.68506 0.83815 0.68799 0.84682 0.69238 0.85477 0.69580 0.86850 0.69287 0.88728 0.70605 0.88223 0.72119 0.88439 0.71924 0.86416 0.73389 0.84682 0.73340 0.83020 0.74805 0.83309 0.75244 0.82225 0.76025 0.81792 0.75244 0.82514 0.75830 0.84827 0.75781 0.87066 0.75244 0.88006 0.75049 0.87572 0.74365 0.87139 0.73877 0.89306 0.74365 0.90896 0.73975 0.92486 0.74658 0.92919 0.74170 0.93642 0.73438 0.94581 0.72852 0.95448
0 0.55664 0.79408 0.54980 0.79408 0.54443 0.78757 0.54834 0.77890 0.53711 0.77962 0.53955 0.76879 0.54590 0.75361 0.55127 0.74855 0.54883 0.74061 0.55664 0.74350 0.56494 0.73699 0.56201 0.72688 0.56836 0.72327 0.57324 0.72182 0.57959 0.71965 0.57666 0.71387 0.57812 0.70737 0.57422 0.71171 0.57129 0.70303 0.57422 0.70159 0.56982 0.69798 0.57812 0.70014 0.58350 0.69942 0.58594 0.70737 0.59180 0.69292 0.58887 0.69581 0.58691 0.69147 0.58643 0.68064 0.59277 0.68136 0.59863 0.67413 0.59766 0.67991 0.60547 0.67558 0.62891 0.66257 0.63672 0.66980 0.64062 0.66546 0.64209 0.67630 0.63623 0.68353 0.64209 0.68353 0.64551 0.69581 0.64941 0.69436 0.65479 0.69942 0.65137 0.69725 0.64209 0.70231 0.64502 0.71098 0.64209 0.73699 0.64209 0.74566 0.63672 0.74494 0.63525 0.75434 0.62744 0.77312 0.62598 0.77962 0.62402 0.77095 0.61670 0.75000 0.59668 0.73627 0.58887 0.74061 0.58203 0.74205 0.57031 0.73916 0.56348 0.74350 0.55518 0.75434 0.55713 0.76012 0.55420 0.77312 0.55273 0.77818 0.55615 0.78324 0.55713 0.79046
0 0.69531 0.50217 0.69482 0.48988 0.68799 0.48266 0.69238 0.47760 0.69238 0.46893 0.68506 0.46387 0.67041 0.44509 0.66846 0.39884 0.66064 0.38584 0.65771 0.37428 0.65723 0.36344 0.65039 0.36922 0.64160 0.36055 0.63477 0.36344 0.63037 0.37139 0.62646 0.38728 0.62646 0.39451 0.63037 0.41329 0.62305 0.42124 0.61182 0.39451 0.61279 0.37861 0.61475 0.37139 0.61816 0.37355 0.62207 0.36922 0.62939 0.36705 0.62988 0.35477 0.63672 0.35910 0.65039 0.35332 0.65381 0.34249 0.66406 0.33743 0.66650 0.32081 0.67334 0.31647 0.66895 0.30853 0.66113 0.30419 0.66064 0.31069 0.66309 0.31575 0.65918 0.32009 0.64990 0.31358 0.65283 0.30491 0.65625 0.29118 0.66309 0.28974 0.65771 0.29769 0.66650 0.30202 0.66797 0.29697 0.67285 0.29118 0.67578 0.30997 0.69141 0.31864 0.70361 0.32081 0.68701 0.32514 0.69678 0.33382 0.70068 0.34249 0.69775 0.34682 0.69775 0.36127 0.70117 0.36488 0.70264 0.35983 0.70361 0.38295 0.70752 0.38295 0.70898 0.36777 0.71240 0.38728 0.71094 0.39957 0.71533 0.40607 0.71240 0.41763 0.71289 0.42269 0.70752 0.42341 0.70850 0.39740 0.70215 0.39957 0.69775 0.40896 0.70264 0.42052 0.69775 0.42919 0.69678 0.44075 0.69873 0.47543 0.69531 0.50217
0 0.23926 0.34465 0.23438 0.33887 0.22656 0.33309 0.22217 0.33237 0.20898 0.33309 0.19971 0.32370 0.20459 0.31503 0.20654 0.30202 0.19531 0.29841 0.19043 0.29118 0.17773 0.28107 0.17188 0.28685 0.15723 0.29697 0.14746 0.30853 0.14258 0.31286 0.13965 0.30853 0.13770 0.32298 0.12354 0.32225 0.12646 0.30925 0.11816 0.29986 0.11426 0.29697 0.10254 0.29841 0.09766 0.29263 0.09180 0.29841 0.08643 0.28613 0.09082 0.28829 0.10938 0.29118 0.12793 0.28829 0.12988 0.29118 0.13574 0.28540 0.13916 0.28324 0.14209 0.27890 0.14551 0.27673 0.15039 0.27529 0.15625 0.27384 0.16406 0.27818 0.17041 0.27457 0.17627 0.25578 0.18408 0.25145 0.18701 0.23699 0.18506 0.22688 0.18604 0.21243 0.18896 0.20520 0.19189 0.20087 0.18506 0.20087 0.19092 0.18642 0.19238 0.17702 0.20312 0.17269 0.20312 0.18569 0.19385 0.18642 0.19873 0.19220 0.19238 0.18858 0.19824 0.19436 0.20215 0.18714 0.20850 0.19364 0.21582 0.19581 0.22070 0.19870 0.20752 0.20087 0.21289 0.20737 0.21973 0.20882 0.22656 0.20882 0.22803 0.19798 0.23633 0.18858 0.24414 0.18858 0.25098 0.19147 0.25732 0.20231 0.25098 0.19725 0.24023 0.20448 0.22998 0.23266 0.23682 0.24855 0.24756 0.26445 0.25488 0.27240 0.28027 0.26662 0.27881 0.25867 0.28174 0.24855 0.28320 0.23772 0.28369 0.24855 0.28760 0.25434 0.28809 0.25650 0.28564 0.26301 0.28076 0.28035 0.27783 0.29046 0.27100 0.27890 0.27002 0.29913 0.27197 0.31358 0.27490 0.32659 0.26562 0.33454 0.25488 0.33743 0.24414 0.34321 0.23926 0.34465
0 0.29004 0.39523 0.28711 0.39523 0.28467 0.39162 0.28467 0.37717 0.28320 0.37355 0.27979 0.37139 0.28467 0.36705 0.28027 0.36199 0.27783 0.36272 0.27783 0.37139 0.27441 0.37211 0.26953 0.35910 0.26172 0.36344 0.25195 0.36344 0.25146 0.36705 0.24805 0.37066 0.24365 0.36850 0.24365 0.36127 0.24902 0.36199 0.25391 0.35477 0.25879 0.35332 0.26270 0.35332 0.26465 0.35621 0.26855 0.35332 0.27637 0.35332 0.27832 0.35766 0.28125 0.35766 0.28223 0.35188 0.28516 0.35766 0.29150 0.35983 0.29053 0.36705 0.29443 0.37428 0.29150 0.38006 0.29150 0.38728 0.29346 0.39162 0.29004 0.39523
0 0.13086 0.32298 0.12451 0.30202 0.10742 0.30419 0.09717 0.30202 0.08252 0.27457 0.07031 0.25217 0.07568 0.23555 0.06885 0.22110 0.05957 0.21171 0.06445 0.19147 0.05371 0.20159 0.03809 0.22327 0.03711 0.20737 0.02197 0.19798 0.02686 0.19364 0.03613 0.18858 0.02393 0.16474 0.03760 0.14884 0.03613 0.12934 0.03955 0.09104 0.04834 0.05058 0.06494 0.04769 0.06934 0.03829 0.07178 0.02746 0.07812 0.04986 0.09473 0.04408 0.11475 0.04191 0.10156 0.05708 0.09180 0.05853 0.12305 0.06142 0.12207 0.04841 0.13623 0.06503 0.13818 0.07370 0.14551 0.05853 0.15283 0.07803 0.15723 0.08309 0.16211 0.09899 0.16357 0.11272 0.16602 0.11199 0.18262 0.11777 0.19189 0.13295 0.19971 0.13295 0.19531 0.14668 0.18994 0.15896 0.19922 0.16402 0.19971 0.17919 0.20068 0.20231 0.19385 0.19942 0.18555 0.18714 0.15527 0.19292 0.14404 0.20809 0.14502 0.23266 0.13623 0.24277 0.13330 0.22543 0.11914 0.23049 0.09863 0.24061 0.08740 0.25434 0.09863 0.29118 0.13721 0.29335 0.13086 0.30419 0.14502 0.30636 0.13281 0.31720
0 0.07422 0.63367 0.05762 0.61633 0.04980 0.60332 0.05420 0.59393 0.04443 0.57948 0.03174 0.55202 0.03662 0.54769 0.03564 0.52890 0.04541 0.49855 0.05615 0.48988 0.06982 0.50578 0.07910 0.50506 0.08447 0.50289 0.08594 0.50361 0.09033 0.49133 0.09473 0.48338 0.08936 0.47543 0.10498 0.47110 0.09082 0.46893 0.09375 0.45737 0.08691 0.45014 0.08447 0.44220 0.07373 0.43931 0.07324 0.45882 0.06543 0.46893 0.05127 0.46676 0.06006 0.48266 0.04980 0.48483 0.05029 0.49277 0.04248 0.50145 0.03174 0.49133 0.03369 0.48410 0.03271 0.46676 0.02979 0.45665 0.03223 0.44147 0.03662 0.44509 0.02979 0.43642 0.03369 0.42197 0.03174 0.39884 0.03906 0.36199 0.05957 0.35332 0.06055 0.36199 0.07422 0.36344 0.08398 0.35910 0.09424 0.36272 0.09863 0.35766 0.12012 0.37355 0.13135 0.38873 0.11621 0.37645 0.08936 0.38728 0.09229 0.42197 0.10596 0.44798 0.11523 0.46604 0.13574 0.47905 0.14990 0.49711 0.14893 0.50578 0.13232 0.50578 0.13672 0.50072 0.11230 0.50072 0.10449 0.51228 0.08984 0.51951 0.09424 0.55636 0.08496 0.53540 0.06738 0.52529 0.05127 0.53179 0.05127 0.56792 0.06494 0.59104 0.09375 0.60477 0.10547 0.59754 0.10303 0.60983 0.09277 0.62355 0.07422 0.63367
0 0.21875 0.56575 0.21826 0.56214 0.22119 0.54624 0.22412 0.52023 0.22461 0.50939 0.21533 0.50145 0.22021 0.49422 0.22754 0.48916 0.23389 0.47977 0.23828 0.47327 0.24268 0.46821 0.23389 0.46387 0.23340 0.45448 0.22949 0.45014 0.23730 0.44725 0.21631 0.44075 0.22119 0.43064 0.21777 0.41980 0.21240 0.41040 0.21240 0.40173 0.22070 0.39812 0.22412 0.40607 0.22217 0.41763 0.22510 0.42486 0.22900 0.43353 0.23730 0.43714 0.25684 0.43714 0.26660 0.43425 0.27002 0.42919 0.27197 0.44364 0.27490 0.45087 0.27393 0.45954 0.27393 0.46676 0.27441 0.47327 0.27686 0.46532 0.27686 0.45665 0.27734 0.45014 0.28369 0.45809 0.28369 0.47543 0.27930 0.49205 0.28320 0.49928 0.28906 0.50506 0.29297 0.50072 0.29590 0.50506 0.30029 0.51301 0.30322 0.52168 0.30371 0.52818 0.31006 0.53035 0.30664 0.54118 0.30371 0.52962 0.29688 0.52673 0.29346 0.53324 0.29346 0.54046 0.29297 0.56142 0.28955 0.52890 0.28906 0.52240 0.27148 0.52529 0.27148 0.51951 0.28467 0.51445 0.28076 0.51012 0.27930 0.50361 0.27100 0.50578 0.27002 0.49566 0.26611 0.49855 0.26172 0.49928 0.26465 0.50506 0.26465 0.51662 0.25391 0.51951 0.26025 0.52168 0.25391 0.52673 0.24805 0.52673 0.24023 0.53107 0.23340 0.53107 0.22900 0.54046 0.23438 0.54263 0.24414 0.53540 0.24268 0.54046 0.23975 0.54769 0.24219 0.55275 0.23291 0.55202 0.23438 0.54697 0.21875 0.56575
0 0.19629 0.47182 0.19189 0.46387 0.19580 0.45954 0.19385 0.45665 0.19385 0.43642 0.18994 0.43353 0.19287 0.42775 0.19238 0.42413 0.18848 0.42558 0.17871 0.41980 0.17188 0.41835 0.16016 0.41980 0.15576 0.41329 0.15918 0.41113 0.16113 0.40535 0.16406 0.40824 0.16699 0.40679 0.16943 0.40173 0.17090 0.39234 0.17480 0.38945 0.17871 0.39234 0.17773 0.38512 0.18555 0.38945 0.18945 0.38656 0.19189 0.39306 0.19141 0.39812 0.19629 0.39523 0.19824 0.39812 0.20312 0.39668 0.20508 0.39957 0.20752 0.39740 0.20654 0.39017 0.20215 0.39234 0.20068 0.39017 0.20215 0.38801 0.20996 0.38367 0.21777 0.38656 0.21826 0.39017 0.21680 0.39234 0.21289 0.39234 0.21240 0.39595 0.22021 0.40607 0.21826 0.41185 0.22412 0.41908 0.22510 0.42775 0.22803 0.43353 0.22363 0.43858 0.21973 0.43425 0.21289 0.43280 0.20996 0.43858 0.20850 0.43642 0.20752 0.42341 0.20605 0.42124 0.20020 0.42413 0.20361 0.43642 0.19922 0.43858 0.19873 0.44075 0.20361 0.45231 0.20215 0.45448 0.19922 0.45159 0.19775 0.45376 0.19971 0.46387 0.19629 0.47182
0 0.35059 0.34610 0.33496 0.34610 0.33496 0.33887 0.33936 0.33237 0.33496 0.33165 0.32910 0.32587 0.32324 0.32731 0.31836 0.32587 0.29053 0.31503 0.28564 0.30491 0.28223 0.29841 0.27588 0.29335 0.28613 0.28540 0.28613 0.27384 0.27832 0.27673 0.27148 0.27962 0.27002 0.28757 0.26270 0.29841 0.25928 0.29480 0.25586 0.29552 0.25439 0.29191 0.25195 0.28396 0.24805 0.28829 0.24072 0.27890 0.22754 0.27240 0.22949 0.26951 0.22705 0.26301 0.22900 0.25434 0.22705 0.24711 0.22607 0.23988 0.22656 0.23338 0.22412 0.22832 0.22705 0.22110 0.23096 0.21098 0.23438 0.19725 0.23828 0.20303 0.24414 0.19003 0.25098 0.18858 0.26270 0.19725 0.27588 0.21532 0.28076 0.22832 0.28906 0.24061 0.29736 0.23410 0.29834 0.24422 0.30029 0.25578 0.30225 0.26445 0.30566 0.26951 0.30957 0.27673 0.31348 0.27240 0.31885 0.27457 0.31787 0.26734 0.31641 0.26084 0.32959 0.26590 0.33008 0.27673 0.33252 0.27023 0.33789 0.27673 0.34473 0.27818 0.34619 0.26590 0.33691 0.26228 0.33350 0.25578 0.33887 0.25361 0.34863 0.25217 0.35596 0.26590 0.35596 0.27890 0.35596 0.29624 0.35791 0.30925 0.35596 0.34393
0 0.42871 0.22905 0.41650 0.21965 0.42969 0.21460 0.43604 0.20809 0.43359 0.20882 0.43018 0.19075 0.42676 0.18858 0.42334 0.18931 0.43164 0.18569 0.43213 0.15896 0.42188 0.15679 0.41553 0.14017 0.41357 0.12283 0.41992 0.12211 0.42773 0.11344 0.41943 0.10838 0.42480 0.10910 0.42676 0.10332 0.41699 0.09899 0.40967 0.09393 0.40820 0.08309 0.39990 0.08815 0.39404 0.04769 0.40186 0.04480 0.40430 0.06431 0.42871 0.04408 0.43311 0.04335 0.43555 0.03829 0.44141 0.03540 0.44629 0.03540 0.45215 0.03685 0.45361 0.04335 0.45898 0.03974 0.46680 0.04408 0.47070 0.04697 0.48096 0.06503 0.48096 0.07803 0.47900 0.09249 0.47705 0.10405 0.47363 0.11488 0.47217 0.09682 0.47119 0.06936 0.46582 0.06720 0.46826 0.07370 0.46582 0.09321 0.46143 0.10549 0.46924 0.11416 0.45605 0.12789 0.45068 0.13584 0.45020 0.14523 0.44775 0.15462 0.44385 0.16329 0.44092 0.15896 0.44531 0.16980 0.44531 0.17702 0.43799 0.18208 0.44629 0.19292 0.43994 0.19364 0.44385 0.21387 0.43945 0.22182 0.42822 0.22543
0 0.51562 0.36055 0.51025 0.35549 0.51123 0.34538 0.50830 0.34393 0.51123 0.33526 0.51025 0.33092 0.50732 0.32803 0.50830 0.32081 0.50488 0.31431 0.50098 0.31431 0.49805 0.31142 0.49414 0.31431 0.48975 0.30636 0.49121 0.30419 0.49414 0.30708 0.49707 0.30564 0.50293 0.30853 0.50488 0.30564 0.50928 0.30491 0.50732 0.30347 0.50732 0.28468 0.50342 0.27890 0.50635 0.27312 0.50635 0.26879 0.50391 0.26662 0.50342 0.27023 0.49854 0.27457 0.49805 0.27818 0.49512 0.27384 0.49316 0.27384 0.49023 0.27818 0.48486 0.27168 0.48486 0.26734 0.48096 0.26301 0.48242 0.26084 0.49512 0.26228 0.49707 0.25939 0.50000 0.26228 0.50244 0.26156 0.50244 0.25867 0.49902 0.25650 0.49756 0.25289 0.49805 0.24928 0.50098 0.25072 0.50244 0.24855 0.50244 0.24277 0.49951 0.23988 0.50098 0.22760 0.50293 0.23049 0.51855 0.23049 0.52246 0.23338 0.53271 0.23266 0.53174 0.24133 0.53369 0.24422 0.53223 0.24639 0.52539 0.24783 0.52344 0.24494 0.52100 0.24566 0.52100 0.24855 0.52393 0.25145 0.52393 0.25867 0.52686 0.26445 0.52100 0.27457 0.52295 0.27890 0.51953 0.28396 0.51514 0.28613 0.51416 0.29335 0.51465 0.29552 0.51758 0.29118 0.52393 0.29335 0.52393 0.30925 0.52148 0.31575 0.51807 0.31647 0.51807 0.32803 0.51611 0.33237 0.51904 0.33671 0.51709 0.33960 0.51904 0.34393 0.51611 0.34827 0.51855 0.34899 0.52002 0.35260 0.51611 0.35549 0.51562 0.36055
0 0.44629 0.50650 0.43701 0.50000 0.43896 0.48988 0.44727 0.49494 0.44482 0.48988 0.44824 0.48338 0.45215 0.47760 0.44141 0.48049 0.44385 0.47543 0.43799 0.46965 0.43555 0.47327 0.43018 0.47543 0.42578 0.46893 0.42627 0.47399 0.41992 0.48627 0.41504 0.48049 0.40576 0.46821 0.41455 0.45665 0.40967 0.44798 0.41162 0.44075 0.41016 0.43569 0.41748 0.43642 0.42578 0.44292 0.42822 0.44509 0.43506 0.44364 0.43604 0.44364 0.43994 0.42775 0.43359 0.41980 0.42773 0.42413 0.42188 0.42702 0.42578 0.42269 0.43164 0.41835 0.43604 0.41329 0.43604 0.40462 0.43359 0.39957 0.43262 0.39379 0.43604 0.39740 0.44531 0.40535 0.45117 0.41257 0.45215 0.41835 0.44287 0.42052 0.44629 0.43714 0.45459 0.42919 0.45508 0.42124 0.46973 0.42847 0.48926 0.42558 0.49707 0.41980 0.49756 0.42919 0.50146 0.43208 0.50439 0.44364 0.51270 0.44581 0.51709 0.44220 0.52100 0.45954 0.51709 0.47977 0.50977 0.49205 0.49951 0.48266 0.49414 0.48338 0.49023 0.48049 0.48828 0.49205 0.48438 0.48049 0.48145 0.48338 0.46191 0.48194 0.45410 0.48338 0.45068 0.48844 0.45068 0.49422
0 0.33496 0.62789 0.33252 0.62428 0.33154 0.61416 0.33350 0.60983 0.33105 0.60621 0.32812 0.60910 0.32031 0.60910 0.31592 0.60405 0.31348 0.59321 0.31006 0.59393 0.31201 0.59682 0.31055 0.60188 0.30664 0.60043 0.30518 0.60260 0.30664 0.60621 0.29980 0.60766 0.29297 0.59899 0.28418 0.59899 0.28223 0.59321 0.25977 0.59465 0.25098 0.59176 0.25049 0.58237 0.25244 0.58092 0.25342 0.57081 0.25684 0.56720 0.26172 0.57009 0.26562 0.56720 0.26416 0.57081 0.26562 0.57298 0.26904 0.57225 0.26318 0.57948 0.26758 0.58454 0.27148 0.58165 0.27539 0.58454 0.28223 0.57731 0.28613 0.58020 0.28662 0.57803 0.28076 0.57225 0.28467 0.56358 0.28223 0.55564 0.29590 0.54697 0.29980 0.54697 0.30322 0.54191 0.30518 0.53613 0.30420 0.53324 0.30664 0.52818 0.32422 0.53107 0.32812 0.52818 0.33105 0.53107 0.33740 0.52457 0.34180 0.51084 0.34326 0.51301 0.34229 0.52168 0.33740 0.52890 0.34082 0.52818 0.34473 0.53107 0.34961 0.52240 0.35303 0.52312 0.35303 0.53179 0.35791 0.54046 0.35596 0.55202 0.35693 0.55925 0.35400 0.56358 0.35742 0.57009 0.36084 0.56792 0.35986 0.55636 0.36182 0.55058 0.35889 0.54046 0.36133 0.53829 0.36670 0.54046 0.36377 0.54913 0.36377 0.55347 0.36670 0.55780 0.36377 0.56358 0.36475 0.56792 0.37061 0.57514 0.36572 0.57514 0.36572 0.58237 0.36914 0.58165 0.37061 0.58382 0.37061 0.59249 0.36426 0.59754 0.36133 0.59754 0.35986 0.59538 0.35986 0.58960 0.35693 0.58815 0.36084 0.58237 0.36084 0.57948 0.35938 0.57731 0.35547 0.57876 0.35498 0.58815 0.35693 0.59104 0.35254 0.59176 0.35107 0.59538 0.35596 0.59827 0.35400 0.60116 0.35596 0.60549 0.35156 0.60766 0.34863 0.61344 0.34473 0.60766 0.34277 0.60910 0.34326 0.61561 0.34619 0.61705 0.33496 0.62789
0 0.39746 0.62355 0.38623 0.61127 0.38428 0.60116 0.38818 0.58671 0.38086 0.58598 0.37695 0.59321 0.36621 0.59610 0.36084 0.59971 0.34082 0.60766 0.33594 0.60477 0.33252 0.59682 0.32617 0.59176 0.31885 0.58382 0.31787 0.59393 0.31738 0.60332 0.31689 0.59538 0.30664 0.59321 0.30664 0.59754 0.30664 0.59899 0.29980 0.60766 0.28516 0.59899 0.28662 0.59538 0.26953 0.59321 0.26465 0.60766 0.25635 0.59827 0.26172 0.59899 0.26807 0.59393 0.25049 0.58526 0.25342 0.57081 0.25977 0.57009 0.26562 0.56720 0.27441 0.56864 0.27881 0.57514 0.27441 0.57731 0.26318 0.57948 0.29004 0.58309 0.29443 0.57803 0.29004 0.57442 0.28076 0.57225 0.28418 0.56142 0.29297 0.55130 0.29785 0.54841 0.31055 0.53685 0.32422 0.53107 0.32178 0.53757 0.31885 0.54913 0.32129 0.55419 0.33105 0.54263 0.33643 0.54335 0.34180 0.54118 0.34668 0.52384 0.35156 0.51951 0.35840 0.52240 0.35498 0.52890 0.36719 0.53685 0.37793 0.52673 0.38672 0.53829 0.38818 0.53324 0.39258 0.52529 0.40137 0.53540 0.41406 0.54408 0.42480 0.54697 0.42578 0.55419 0.43018 0.55202 0.43262 0.54697 0.43799 0.56936 0.43945 0.57587 0.43164 0.58165 0.42432 0.57948 0.42041 0.59538 0.41895 0.61199 0.41504 0.60188 0.41162 0.60549 0.40869 0.61416
0 0.92090 0.32298 0.91406 0.30997 0.90332 0.31575 0.90576 0.30925 0.90381 0.30202 0.90381 0.28902 0.89600 0.28324 0.89746 0.27673 0.89111 0.28902 0.87988 0.29697 0.87646 0.29769 0.86768 0.29191 0.87061 0.28613 0.86768 0.28179 0.86475 0.27168 0.86816 0.25506 0.86475 0.23988 0.85693 0.23266 0.86230 0.23483 0.87061 0.22399 0.87061 0.21676 0.86719 0.21893 0.86230 0.22905 0.85742 0.22327 0.85352 0.22038 0.85107 0.21676 0.85938 0.20882 0.86523 0.21171 0.87061 0.20954 0.85645 0.20448 0.85498 0.18786 0.86035 0.18136 0.86328 0.19870 0.86963 0.19364 0.86621 0.17558 0.85107 0.17052 0.84082 0.16257 0.84619 0.17052 0.83984 0.17558 0.83350 0.16763 0.83594 0.15968 0.84229 0.14740 0.84326 0.14017 0.84424 0.12861 0.84229 0.11994 0.84131 0.10549 0.84863 0.10188 0.86621 0.10043 0.87500 0.10332 0.90137 0.10621 0.90234 0.11488 0.89502 0.11705 0.89404 0.12428 0.89648 0.13223 0.90527 0.13078 0.90771 0.13150 0.91797 0.12645 0.92041 0.13584 0.91846 0.14884 0.92480 0.14957 0.93164 0.15535 0.93896 0.17630 0.93262 0.17991 0.92676 0.17558 0.91797 0.17269 0.91016 0.17413 0.90283 0.17630 0.90234 0.16835 0.89648 0.17991 0.90967 0.18642 0.90479 0.19220 0.90332 0.20303 0.91064 0.20087 0.91113 0.20737 0.92041 0.20520 0.91943 0.21821 0.92236 0.22688 0.91846 0.23266 0.91797 0.23916 0.90723 0.23772 0.91211 0.24350 0.91650 0.25289 0.90967 0.25578 0.91846 0.27457 0.92676 0.28396 0.92432 0.29046 0.92529 0.29769 0.92334 0.31069
0 0.48828 0.77673 0.48291 0.77168 0.49121 0.76806 0.48975 0.75578 0.49268 0.74855 0.48975 0.74133 0.49414 0.73194 0.49121 0.72760 0.48535 0.73049 0.47852 0.72760 0.47510 0.72399 0.47803 0.71676 0.47314 0.71676 0.47119 0.72543 0.47021 0.73266 0.46973 0.73916 0.45801 0.73194 0.45605 0.74061 0.45264 0.73410 0.47363 0.71315 0.48877 0.69364 0.49170 0.68353 0.48730 0.66257 0.48291 0.65751 0.46387 0.65101 0.46240 0.64017 0.45898 0.63512 0.47363 0.64668 0.52100 0.62572 0.52783 0.61416 0.51465 0.58454 0.49414 0.58020 0.48633 0.58598 0.46680 0.59610 0.46143 0.59827 0.46240 0.58671 0.46777 0.57587 0.47656 0.56864 0.47559 0.56720 0.47656 0.55997 0.47998 0.55491 0.48486 0.54046 0.48682 0.52890 0.49072 0.52457 0.49121 0.52095 0.50977 0.51806 0.51367 0.50939 0.52393 0.51156 0.53125 0.51373 0.53369 0.52457 0.52686 0.55058 0.53174 0.57370 0.53662 0.59827 0.53662 0.60983 0.54053 0.61850 0.53564 0.63295 0.53271 0.63873 0.53223 0.65968 0.54053 0.66763 0.52832 0.67847 0.53076 0.69653 0.52783 0.70231 0.52783 0.70954 0.52686 0.71821 0.52979 0.73121 0.52393 0.74566 0.51270 0.74783 0.50977 0.74783 0.50488 0.74350 0.49951 0.74855 0.49902 0.75361 0.49902 0.76662 0.49609 0.77240 0.48828 0.77673
0 0.75293 0.98338 0.75049 0.96243 0.74805 0.94581 0.73877 0.96676 0.72949 0.95592 0.71484 0.93136 0.70068 0.93064 0.70361 0.92052 0.69922 0.90101 0.69043 0.91546 0.68311 0.88295 0.67676 0.87355 0.66943 0.86561 0.66504 0.85766 0.66406 0.85621 0.63330 0.86127 0.63330 0.89884 0.63281 0.91691 0.62695 0.89523 0.62061 0.88295 0.62061 0.86994 0.60938 0.86922 0.60840 0.85188 0.61768 0.83671 0.61768 0.80636 0.63574 0.79263 0.65723 0.79263 0.65723 0.78829 0.65381 0.77890 0.65869 0.77746 0.65674 0.75434 0.67871 0.74783 0.70215 0.74205 0.69922 0.75795 0.68555 0.75650 0.67773 0.76373 0.69141 0.76951 0.68799 0.78035 0.68701 0.78613 0.69922 0.79408 0.71680 0.77240 0.72119 0.77890 0.70752 0.78613 0.68555 0.80275 0.66504 0.80564 0.65527 0.80130 0.65723 0.81431 0.67090 0.82153 0.66992 0.82587 0.68408 0.83815 0.68994 0.84104 0.68945 0.85766 0.69678 0.86850 0.69629 0.89523 0.70947 0.89451 0.71094 0.90824 0.72412 0.88295 0.72754 0.86344 0.73291 0.84249 0.74316 0.83598 0.74219 0.84610 0.74365 0.83960 0.75439 0.84393 0.76025 0.85260 0.76221 0.85116 0.77246 0.85766 0.77148 0.87066 0.77197 0.87572 0.77295 0.89884 0.76807 0.93497 0.75830 0.93497 0.75342 0.96676
0 0.40527 0.99639 0.36621 0.99494 0.36426 0.99350 0.35645 0.99061 0.35400 0.99422 0.34961 0.99350 0.33789 0.99639 0.32764 0.98555 0.32764 0.96821 0.34277 0.96026 0.34863 0.96604 0.35645 0.96604 0.35400 0.96098 0.36768 0.94653 0.37354 0.92919 0.36182 0.89162 0.36084 0.87717 0.36377 0.86416 0.36279 0.84971 0.35986 0.83671 0.35498 0.81792 0.35107 0.80202 0.34814 0.78324 0.35400 0.76012 0.35889 0.75867 0.36719 0.73627 0.38379 0.74494 0.39453 0.73916 0.39648 0.72760 0.40576 0.73121 0.40869 0.72832 0.40918 0.72471 0.41797 0.72905 0.42871 0.73338 0.43457 0.73772 0.43994 0.74711 0.44238 0.74783 0.44043 0.75506 0.43164 0.76373 0.43311 0.75723 0.42725 0.75723 0.43018 0.76734 0.42871 0.77384 0.43408 0.77312 0.42871 0.77673 0.39697 0.78757 0.39893 0.80636 0.41064 0.83382 0.43750 0.85477 0.44385 0.85983 0.44678 0.85549 0.44482 0.86416 0.44238 0.86922 0.44189 0.88873 0.45068 0.90462 0.44775 0.91474 0.44971 0.92486 0.44775 0.93786 0.44238 0.92991 0.43994 0.93786 0.44189 0.94509 0.43994 0.96098 0.43506 0.97688 0.43311 0.98266 0.42871 0.99205 0.42676 0.98772 0.42188 0.99350 0.40723 0.99350
0 0.31348 0.96315 0.30469 0.96315 0.29492 0.95882 0.29248 0.94798 0.28760 0.93931 0.28516 0.93858 0.28223 0.94147 0.28174 0.93642 0.27783 0.93064 0.28174 0.92630 0.28223 0.92269 0.28613 0.92702 0.28662 0.92341 0.29004 0.91980 0.29248 0.92919 0.29199 0.93714 0.30518 0.94075 0.30518 0.93064 0.30029 0.91618 0.29443 0.91329 0.29590 0.90824 0.29785 0.90824 0.29980 0.91402 0.30127 0.91040 0.30225 0.90029 0.30029 0.89595 0.29688 0.89812 0.29443 0.89595 0.30029 0.88728 0.29834 0.88584 0.29834 0.88295 0.30127 0.88006 0.29590 0.88078 0.29395 0.87789 0.29004 0.87934 0.28467 0.87428 0.28369 0.85405 0.27686 0.84104 0.27832 0.83454 0.28223 0.83887 0.28516 0.83887 0.28955 0.84971 0.29297 0.85188 0.29590 0.85766 0.31641 0.85766 0.32812 0.85188 0.33789 0.85043 0.34180 0.84465 0.34912 0.85116 0.34863 0.85477 0.34473 0.85477 0.34326 0.85694 0.34326 0.86850 0.34033 0.87139 0.34131 0.87572 0.33643 0.88439 0.33643 0.89017 0.33936 0.89595 0.33740 0.90318 0.34033 0.90607 0.34033 0.91329 0.33740 0.91763 0.33936 0.92341 0.33740 0.92630 0.33838 0.92919 0.33545 0.94509 0.33350 0.94509 0.33350 0.94075 0.33154 0.93786 0.33252 0.93353 0.33008 0.92991 0.32959 0.93497 0.32666 0.93786 0.32568 0.94509 0.32031 0.94870 0.31885 0.94364 0.32178 0.94075 0.31787 0.93497 0.31787 0.92919 0.31641 0.92847 0.31494 0.93064 0.31689 0.93353 0.31494 0.93786 0.30713 0.94220 0.30811 0.94798 0.30664 0.95014 0.30273 0.94870 0.30176 0.95159 0.29736 0.95376 0.30078 0.95592 0.30371 0.95159 0.30664 0.95592 0.31348 0.95448 0.31494 0.95665 0.31348 0.96315
0 0.17773 0.92991 0.16309 0.92991 0.15430 0.92702 0.14551 0.91980 0.13867 0.91835 0.13232 0.90462 0.12793 0.89957 0.11035 0.89668 0.10547 0.89379 0.10010 0.88006 0.10010 0.87283 0.09766 0.86922 0.09131 0.86705 0.08936 0.86127 0.09033 0.85260 0.09473 0.84754 0.10156 0.85188 0.11035 0.84610 0.11475 0.83815 0.11572 0.82948 0.11816 0.82587 0.12695 0.82442 0.12842 0.81647 0.13574 0.80275 0.15820 0.80564 0.16162 0.81358 0.16162 0.82225 0.17236 0.83092 0.17334 0.83960 0.17676 0.84754 0.18457 0.84899 0.18994 0.86416 0.18701 0.88006 0.18311 0.88728 0.18506 0.92052 0.18066 0.92847 0.17773 0.92991
0 0.09863 0.99494 0.07031 0.99350 0.06592 0.98699 0.04834 0.97688 0.05518 0.95665 0.06299 0.96243 0.05566 0.93858 0.05566 0.93569 0.05273 0.92847 0.04297 0.90101 0.03223 0.89090 0.00928 0.91040 0.00635 0.90318 0.00879 0.88223 0.01123 0.87139 0.01611 0.86272 0.02441 0.88223 0.05811 0.83671 0.04639 0.78324 0.06934 0.75939 0.08105 0.76084 0.09570 0.76228 0.09717 0.73844 0.10205 0.74566 0.10693 0.76734 0.08789 0.76662 0.09619 0.78324 0.10547 0.79552 0.12988 0.78251 0.15039 0.76951 0.14209 0.75578 0.15430 0.74350 0.16553 0.72977 0.17920 0.73555 0.18799 0.75434 0.19238 0.77240 0.19238 0.78829 0.19629 0.78974 0.20752 0.80636 0.21143 0.79046 0.21777 0.80130 0.22314 0.81358 0.22900 0.79191 0.22217 0.78902 0.23828 0.77818 0.25342 0.81503 0.24365 0.81792 0.24805 0.83309 0.25391 0.83598 0.24121 0.84610 0.24219 0.83598 0.22607 0.82225 0.23193 0.85260 0.23193 0.86850 0.22803 0.88584 0.22363 0.93280 0.22119 0.90029 0.21240 0.91329 0.19873 0.93642 0.21289 0.94436 0.22070 0.96604 0.20459 0.97977 0.20654 0.99133 0.19385 0.98699 0.16992 0.97905 0.16748 0.98699 0.15625 0.97905 0.14111 0.97977 0.11230 0.98627
0 0.34277 0.74783 0.34229 0.73699 0.33252 0.72688 0.34473 0.72182 0.34961 0.72616 0.35742 0.72471 0.35791 0.71821 0.35498 0.71387 0.35693 0.70809 0.35693 0.70231 0.35547 0.69292 0.35059 0.69581 0.34717 0.69509 0.34521 0.70954 0.34717 0.71387 0.34180 0.72038 0.34326 0.71243 0.34082 0.70882 0.33252 0.71387 0.33252 0.70665 0.32959 0.69653 0.33203 0.68569 0.33154 0.66763 0.33350 0.66040 0.33545 0.66185 0.33789 0.66980 0.34668 0.66691 0.34766 0.67558 0.35400 0.66618 0.35449 0.66257 0.35156 0.66546 0.34668 0.66257 0.34521 0.65173 0.34033 0.65173 0.34473 0.64090 0.34717 0.63728 0.35693 0.62861 0.35205 0.63728 0.35791 0.64451 0.36182 0.64162 0.36230 0.63512 0.36768 0.64884 0.37012 0.65390 0.38672 0.64812 0.38916 0.63584 0.39746 0.63223 0.40381 0.63150 0.40723 0.63078 0.40479 0.64017 0.40723 0.64523 0.40479 0.65607 0.40283 0.66329 0.40527 0.67124 0.40039 0.66546 0.39893 0.67486 0.39307 0.68786 0.39307 0.69653 0.39600 0.71098 0.39258 0.71604 0.38623 0.71821 0.38477 0.71604 0.37842 0.72254 0.38379 0.73338 0.37598 0.73483 0.37012 0.72760 0.36230 0.73627 0.35547 0.73194 0.34717 0.73555 0.34912 0.74566
0 0.17188 0.83598 0.16553 0.80925 0.12842 0.79913 0.12842 0.76734 0.13086 0.74783 0.11816 0.73916 0.10840 0.75795 0.09863 0.76084 0.09326 0.74133 0.09229 0.71676 0.12402 0.70737 0.12793 0.69725 0.12158 0.68497 0.12988 0.66835 0.12451 0.63584 0.11816 0.62355 0.10449 0.61488 0.13428 0.58671 0.14209 0.54913 0.11621 0.49061 0.11768 0.48410 0.14111 0.48266 0.18799 0.46676 0.17871 0.41835 0.17236 0.40607 0.19678 0.38439 0.20410 0.38945 0.21680 0.38656 0.22900 0.38584 0.22510 0.42052 0.25586 0.43858 0.26953 0.45014 0.25439 0.46098 0.23682 0.48266 0.22412 0.46532 0.22314 0.48699 0.22607 0.52312 0.22510 0.55636 0.24170 0.58382 0.24219 0.60910 0.23291 0.63584 0.23779 0.64884 0.25146 0.66763 0.25195 0.67702 0.24707 0.69147 0.25391 0.71171 0.23047 0.74639 0.24658 0.78757 0.25488 0.80853 0.25391 0.81720 0.23584 0.79191 0.21680 0.77673 0.21533 0.79913 0.20947 0.76734 0.21484 0.76228 0.21826 0.75434 0.20312 0.73772 0.18555 0.76228 0.20068 0.77312 0.19043 0.78829 0.20361 0.81358 0.19678 0.82370 0.17334 0.82659
0 0.07031 0.99928 0.13672 0.99783 0.52930 0.99928 0.58203 0.99928 0.65723 0.99928 0.79883 0.99928 0.82812 0.99783 0.87695 0.99928 0.98047 0.99928
0 0.03223 0.99928 0.07031 0.99928 0.13672 0.99783 0.65723 0.99928 0.79883 0.99928 0.82715 0.99783 0.87695 0.99928 0.98047 0.99928
0 0.03223 0.99928 0.07031 0.99928 0.13672 0.99783 0.52930 0.99928 0.58203 0.99928 0.65723 0.99928 0.79883 0.99928 0.82812 0.99783 0.87695 0.99928 0.98047 0.99928
