0 0.41113 0.47616 0.39941 0.47327 0.39160 0.46749 0.38135 0.45231 0.37842 0.44075 0.37842 0.43497 0.38037 0.43064 0.37842 0.41474 0.38232 0.39595 0.38623 0.38873 0.38623 0.38439 0.39111 0.37283 0.39014 0.36127 0.39600 0.33671 0.41113 0.31142 0.41406 0.30853 0.42480 0.30564 0.43262 0.30997 0.44043 0.32153 0.44336 0.32298 0.45459 0.34104 0.45752 0.35405 0.45752 0.38006 0.45557 0.38295 0.45654 0.39451 0.45459 0.39740 0.45459 0.40607 0.45264 0.40896 0.45459 0.41329 0.45166 0.41763 0.44971 0.43353 0.43994 0.45954 0.43066 0.47038 0.41113 0.47616
0 0.49512 0.51951 0.48730 0.51951 0.48047 0.51084 0.47266 0.50939 0.46631 0.50145 0.46045 0.47977 0.45850 0.46243 0.45850 0.43642 0.46436 0.38728 0.47119 0.36705 0.47217 0.35983 0.48633 0.33887 0.49121 0.33598 0.50000 0.33598 0.50977 0.34032 0.51611 0.34971 0.52002 0.35983 0.52393 0.38150 0.52393 0.40896 0.52588 0.43064 0.52295 0.46532 0.52002 0.48121 0.50928 0.50289 0.50000 0.51662 0.49512 0.51951
0 0.58984 0.43858 0.57422 0.43858 0.55566 0.43136 0.54297 0.42413 0.53711 0.41546 0.52881 0.40896 0.52881 0.36994 0.53662 0.34682 0.54590 0.33309 0.54980 0.33020 0.58105 0.32876 0.60059 0.33598 0.62354 0.36561 0.62744 0.38728 0.62158 0.40896 0.61621 0.41835 0.60254 0.43280 0.58984 0.43858
0 0.64746 0.48194 0.63770 0.47905 0.62891 0.47182 0.62451 0.46532 0.62256 0.45665 0.62354 0.44075 0.62109 0.43569 0.61230 0.42991 0.61182 0.42775 0.62354 0.40462 0.62744 0.38728 0.62549 0.36994 0.61768 0.35549 0.62158 0.33237 0.63379 0.31286 0.63965 0.30708 0.65430 0.30564 0.66211 0.31142 0.67432 0.33092 0.67627 0.34249 0.67627 0.36127 0.67920 0.37428 0.67920 0.39595 0.68408 0.42486 0.68115 0.44364 0.67334 0.46098 0.66992 0.46604 0.65625 0.47760 0.64746 0.48194
0 0.71289 0.41546 0.68848 0.40968 0.68213 0.40318 0.68018 0.39451 0.68115 0.38584 0.67822 0.35260 0.67920 0.34393 0.67725 0.31792 0.68018 0.29769 0.69678 0.25578 0.70410 0.24639 0.71875 0.24205 0.72754 0.24205 0.73730 0.25217 0.75098 0.26228 0.75635 0.27023 0.76025 0.28468 0.76221 0.31214 0.75732 0.32514 0.75537 0.34827 0.74951 0.37139 0.75146 0.37572 0.75049 0.39017 0.74414 0.39668 0.74121 0.39523 0.73828 0.40101 0.72852 0.40824 0.71973 0.40824 0.71289 0.41546
0 0.79395 0.87211 0.78223 0.87066 0.76855 0.86488 0.75537 0.84827 0.75146 0.83671 0.75049 0.82081 0.75537 0.80347 0.76221 0.78902 0.77148 0.77529 0.77734 0.77095 0.78320 0.77095 0.78711 0.77384 0.79395 0.76806 0.81055 0.76228 0.81250 0.75939 0.82129 0.75650 0.83105 0.74928 0.84668 0.74494 0.85547 0.74494 0.86133 0.74783 0.87451 0.76445 0.88135 0.78035 0.88330 0.78757 0.88330 0.79624 0.87402 0.82298 0.84766 0.85477 0.82422 0.86344 0.81055 0.86488 0.79395 0.87211
0 0.97070 0.82298 0.94531 0.82153 0.93555 0.80564 0.91504 0.79118 0.91113 0.78974 0.90332 0.79263 0.89746 0.78540 0.89160 0.78540 0.88672 0.78829 0.88330 0.78324 0.87744 0.76590 0.87744 0.76012 0.88135 0.75289 0.88525 0.73844 0.88721 0.73699 0.88623 0.73410 0.89160 0.72905 0.90234 0.72471 0.91406 0.72471 0.92969 0.71893 0.93555 0.71893 0.95508 0.72327 0.96191 0.72760 0.96973 0.72905 0.98047 0.73627 0.99463 0.75723 0.99756 0.77457 0.98877 0.80925 0.98242 0.81575 0.97070 0.82298
0 0.77930 0.75650 0.77148 0.75650 0.75586 0.74783 0.74512 0.74639 0.73682 0.72977 0.73389 0.71243 0.73584 0.69653 0.74072 0.68208 0.74707 0.67124 0.76660 0.66113 0.78613 0.65824 0.79980 0.65968 0.81348 0.66691 0.83398 0.67269 0.84326 0.68497 0.84521 0.69075 0.84521 0.70376 0.84229 0.72110 0.84229 0.74277 0.84082 0.74494 0.81641 0.75361 0.78906 0.75072 0.77930 0.75650
0 0.67773 0.86488 0.67188 0.86344 0.66504 0.85188 0.65625 0.86055 0.64355 0.86199 0.63184 0.85188 0.62256 0.83815 0.61768 0.81647 0.61475 0.79191 0.61572 0.75723 0.61279 0.71821 0.61670 0.70665 0.62402 0.69581 0.62793 0.69292 0.66504 0.69292 0.66797 0.69436 0.67334 0.70231 0.68018 0.73555 0.68311 0.76301 0.69287 0.80202 0.69287 0.81503 0.68994 0.82081 0.68604 0.84249 0.68311 0.84827 0.68311 0.85405 0.67773 0.86488
0 0.69922 0.99783 0.67676 0.99783 0.66797 0.99639 0.66211 0.99205 0.65869 0.97543 0.65674 0.97254 0.65771 0.96098 0.67529 0.92630 0.67529 0.92197 0.68018 0.91329 0.68701 0.89162 0.69141 0.88512 0.69922 0.88078 0.70264 0.87572 0.70264 0.87139 0.70654 0.86850 0.70605 0.86344 0.71289 0.86199 0.71582 0.85621 0.72070 0.85621 0.72266 0.85910 0.74121 0.85910 0.74561 0.86561 0.75146 0.88150 0.74951 0.92052 0.74658 0.93064 0.74463 0.93642 0.73584 0.94653 0.73486 0.95665 0.72412 0.97254 0.72314 0.97832 0.71533 0.98844 0.71387 0.99639 0.70801 0.99494 0.69922 0.99783
0 0.65625 0.65824 0.64648 0.65824 0.62695 0.65101 0.61182 0.63439 0.60596 0.60983 0.60596 0.60405 0.61084 0.59104 0.61182 0.57948 0.61816 0.56864 0.64453 0.55130 0.65332 0.55275 0.65918 0.55708 0.66504 0.55708 0.66895 0.55419 0.68457 0.55419 0.69385 0.56358 0.69580 0.57659 0.69971 0.57948 0.69775 0.58237 0.70068 0.58671 0.70068 0.58960 0.70361 0.59104 0.70264 0.59538 0.70459 0.59827 0.70166 0.60116 0.70166 0.60405 0.70459 0.60694 0.70264 0.60983 0.70264 0.62139 0.69873 0.62861 0.69971 0.63295 0.69238 0.64379 0.68945 0.64234 0.68555 0.64812 0.68164 0.64812 0.67188 0.65535 0.65625 0.65824
0 0.41113 0.92269 0.40332 0.90968 0.39648 0.90679 0.39209 0.89884 0.39014 0.88295 0.39307 0.87428 0.40186 0.86127 0.40479 0.85116 0.39355 0.84610 0.39111 0.84104 0.39111 0.83671 0.42041 0.78757 0.42725 0.77168 0.43262 0.76517 0.43848 0.76228 0.45264 0.74133 0.45264 0.73266 0.45508 0.72760 0.46777 0.71893 0.49805 0.72182 0.51660 0.74061 0.51807 0.74711 0.52393 0.75723 0.52295 0.77457 0.50684 0.79697 0.49658 0.80636 0.48877 0.82659 0.46826 0.85983 0.46436 0.86994 0.46436 0.87572 0.46143 0.88439 0.44141 0.90824 0.43457 0.91257 0.42383 0.91257 0.41113 0.92269
0 0.32520 0.76517 0.31641 0.76517 0.30762 0.75939 0.29834 0.74277 0.29346 0.72977 0.29248 0.70665 0.29541 0.69075 0.29639 0.65607 0.29834 0.63873 0.30322 0.61850 0.30322 0.61127 0.30811 0.59538 0.32129 0.57876 0.32812 0.57587 0.33984 0.57587 0.34570 0.57876 0.36182 0.59538 0.37061 0.62428 0.36963 0.65173 0.36084 0.71098 0.35010 0.74422 0.34375 0.75361 0.32520 0.76517
0 0.37793 0.58454 0.36914 0.58165 0.36035 0.57298 0.35645 0.57153 0.35010 0.56358 0.34619 0.55491 0.34424 0.52312 0.35254 0.50795 0.37109 0.49205 0.39062 0.48772 0.40430 0.48194 0.42480 0.48194 0.42871 0.47905 0.44434 0.48049 0.45508 0.48772 0.45850 0.49277 0.46436 0.51301 0.46533 0.52890 0.46338 0.53757 0.44922 0.56286 0.41895 0.58020 0.40430 0.57876 0.40039 0.58165 0.37793 0.58454
0 0.25586 0.75795 0.24902 0.75795 0.22559 0.74928 0.20801 0.74783 0.19873 0.73410 0.19482 0.71098 0.19482 0.69075 0.20068 0.66618 0.20801 0.65390 0.21387 0.64812 0.22949 0.64668 0.25977 0.65101 0.26758 0.65679 0.27686 0.67197 0.28076 0.69509 0.27979 0.72110 0.28174 0.72977 0.27979 0.73844 0.27637 0.74494 0.25586 0.75795
0 0.56250 0.32442 0.55664 0.32442 0.54883 0.32009 0.53564 0.29769 0.53760 0.29191 0.53564 0.28468 0.53564 0.27023 0.53857 0.26301 0.53857 0.25578 0.54688 0.24350 0.56738 0.23483 0.58105 0.23772 0.58496 0.23483 0.58887 0.22760 0.59766 0.22471 0.60254 0.22038 0.62207 0.22038 0.62988 0.22327 0.64746 0.23049 0.65234 0.23483 0.65479 0.23988 0.65967 0.25723 0.66064 0.27457 0.65771 0.28468 0.65137 0.29408 0.63379 0.30853 0.61914 0.31142 0.61084 0.30347 0.60986 0.29046 0.60645 0.28974 0.60400 0.29335 0.60400 0.30347 0.59961 0.30853 0.58105 0.31864 0.56250 0.32442
0 0.56055 0.23194 0.54492 0.23049 0.54102 0.22760 0.53271 0.21532 0.52490 0.18353 0.52393 0.15318 0.52588 0.13728 0.53564 0.11705 0.53857 0.10116 0.54492 0.09610 0.55859 0.07587 0.56738 0.07442 0.57910 0.07876 0.58643 0.08815 0.59717 0.10983 0.60010 0.12283 0.60010 0.13006 0.59521 0.16329 0.59326 0.16763 0.59326 0.17919 0.59131 0.18931 0.58350 0.20954 0.58252 0.21821 0.58008 0.22182 0.57129 0.22471 0.56055 0.23194
0 0.51855 0.33454 0.48633 0.32298 0.47754 0.30997 0.46582 0.30130 0.45117 0.29986 0.44531 0.30419 0.43848 0.30564 0.43213 0.29624 0.42725 0.27746 0.42627 0.26156 0.42822 0.25434 0.43457 0.24494 0.44531 0.23627 0.46973 0.22471 0.48145 0.22471 0.50195 0.23772 0.51562 0.24350 0.52002 0.24855 0.52490 0.26590 0.53369 0.28613 0.53369 0.30491 0.52783 0.31503 0.52490 0.32803 0.51855 0.33454
0 0.41113 0.24061 0.40332 0.24061 0.39355 0.23627 0.38672 0.22905 0.38232 0.21965 0.37451 0.20954 0.37354 0.20231 0.37842 0.17486 0.38379 0.16691 0.39258 0.15968 0.40820 0.15390 0.41211 0.14812 0.41699 0.14523 0.42383 0.13078 0.43652 0.12211 0.44434 0.12211 0.45508 0.11777 0.46973 0.11777 0.48340 0.12355 0.49268 0.14595 0.49170 0.18208 0.48584 0.19509 0.47461 0.20882 0.46875 0.21171 0.46582 0.22182 0.45898 0.22327 0.45605 0.21893 0.45215 0.21893 0.44922 0.22327 0.44238 0.22471 0.42480 0.23627 0.41113 0.24061
0 0.34277 0.19147 0.33203 0.18569 0.31934 0.17269 0.30908 0.15462 0.30420 0.14162 0.30225 0.13150 0.30322 0.11705 0.30518 0.10405 0.31152 0.08743 0.32812 0.07442 0.34277 0.06864 0.35547 0.05997 0.37012 0.05564 0.38770 0.05708 0.39844 0.06142 0.40527 0.07009 0.41309 0.07153 0.42334 0.08526 0.42529 0.08960 0.42529 0.09971 0.42334 0.10838 0.42334 0.11850 0.42090 0.12355 0.41797 0.12355 0.41113 0.13078 0.39941 0.14668 0.38672 0.15535 0.38379 0.15535 0.37695 0.16257 0.37207 0.17124 0.36621 0.17558 0.35547 0.17702 0.34863 0.18858 0.34277 0.19147
0 0.74414 0.09754 0.72070 0.08020 0.71338 0.06647 0.71143 0.05636 0.71143 0.04046 0.71533 0.02312 0.72363 0.01084 0.73340 0.00361 0.77637 0.00361 0.78223 0.00795 0.78857 0.01879 0.79150 0.03179 0.79932 0.04480 0.79932 0.05491 0.79688 0.05997 0.77441 0.08454 0.76270 0.09176 0.75781 0.09176 0.74414 0.09754
0 0.11719 0.61199 0.11133 0.61199 0.09863 0.60621 0.09033 0.59827 0.08447 0.58237 0.08057 0.56503 0.08057 0.55636 0.08740 0.51301 0.10400 0.46387 0.11914 0.44147 0.12988 0.43425 0.14258 0.43280 0.15430 0.44003 0.16357 0.45665 0.16748 0.47543 0.16650 0.51156 0.15967 0.54335 0.14795 0.57081 0.14502 0.58815 0.13281 0.60621 0.11719 0.61199
0 0.13672 0.73483 0.12598 0.73483 0.11719 0.73194 0.10742 0.72327 0.10010 0.71243 0.09619 0.69798 0.09717 0.67052 0.10498 0.65607 0.10938 0.63945 0.11523 0.63367 0.12695 0.63512 0.13037 0.63006 0.12939 0.62428 0.13281 0.61922 0.14355 0.61633 0.15479 0.60260 0.15088 0.59393 0.15186 0.58815 0.15527 0.58309 0.17383 0.57298 0.18164 0.57442 0.18604 0.58237 0.19580 0.60983 0.19580 0.64162 0.19287 0.65029 0.17725 0.67630 0.17236 0.68931 0.15869 0.71387 0.14648 0.73049 0.13672 0.73483
0 0.86621 0.72905 0.84668 0.67847 0.79150 0.65173 0.73877 0.68208 0.72217 0.66763 0.71191 0.62645 0.70605 0.55130 0.68701 0.52601 0.70361 0.52312 0.68164 0.50939 0.62988 0.55708 0.59570 0.62066 0.58496 0.60332 0.60449 0.56720 0.61719 0.52673 0.65479 0.52601 0.65723 0.47471 0.69287 0.43786 0.67725 0.39017 0.65234 0.31142 0.63135 0.36705 0.59863 0.35332 0.56592 0.34104 0.54492 0.36055 0.54150 0.39740 0.56055 0.42702 0.58154 0.43208 0.59863 0.43569 0.63525 0.43642 0.58838 0.45520 0.61182 0.50867 0.57910 0.48916 0.54346 0.45954 0.54053 0.45231 0.52490 0.40318 0.53271 0.31503 0.54297 0.23483 0.60010 0.20520 0.61328 0.18425 0.63818 0.13150 0.66455 0.14017 0.68262 0.10332 0.71973 0.08598 0.79297 0.08743 0.82812 0.06864 0.83545 0.09682 0.86523 0.11777 0.90332 0.17991 0.90039 0.21460 0.90723 0.23772 0.90527 0.29263 0.90381 0.35405 0.88672 0.36488 0.89307 0.41763 0.90332 0.38801 0.90771 0.47977 0.89209 0.46387 0.90967 0.53613 0.89062 0.57298 0.89600 0.61561 0.88037 0.66329 0.87061 0.71387
0 0.95996 0.51806 0.95459 0.50867 0.95996 0.50795 0.95605 0.50217 0.94531 0.50795 0.93994 0.50578 0.93018 0.49855 0.95020 0.49061 0.94434 0.48194 0.92822 0.47543 0.92188 0.46604 0.91943 0.46676 0.91406 0.47760 0.90771 0.46387 0.90771 0.43931 0.91211 0.42991 0.92480 0.41980 0.91455 0.40607 0.92188 0.38945 0.90723 0.38945 0.90137 0.37645 0.89600 0.35983 0.90430 0.35621 0.91260 0.35116 0.91846 0.35116 0.92285 0.36344 0.92334 0.35116 0.92920 0.34393 0.93604 0.35549 0.93115 0.36416 0.94482 0.36705 0.94482 0.37717 0.93848 0.38512 0.93018 0.39595 0.94922 0.40246 0.95850 0.39740 0.96631 0.39017 0.96045 0.38295 0.95459 0.37139 0.95850 0.35405 0.96143 0.33960 0.96143 0.35983 0.96240 0.37283 0.98633 0.38078 0.99658 0.38584 0.99561 0.39595 0.98682 0.41040 0.99121 0.42847 0.99658 0.43497 0.99512 0.44292 0.98291 0.42919 0.98340 0.41257 0.97363 0.41691 0.97412 0.39884 0.96533 0.40173 0.96631 0.41329 0.95850 0.42630 0.95459 0.40607 0.94580 0.42197 0.94336 0.44003 0.93359 0.43858 0.93555 0.44581 0.94629 0.44725 0.95459 0.44509 0.95752 0.43353 0.96436 0.44364 0.97070 0.45592 0.97803 0.47543 0.97217 0.47688 0.96729 0.48121 0.96777 0.46026 0.96631 0.47110 0.96436 0.49422 0.96533 0.51012
0 0.96680 0.15246 0.95898 0.15246 0.95312 0.14668 0.95020 0.14668 0.94922 0.14234 0.94727 0.14523 0.94434 0.14523 0.93994 0.14017 0.93994 0.13728 0.93604 0.13150 0.93604 0.12428 0.93896 0.11705 0.93896 0.09827 0.94287 0.08092 0.93848 0.07587 0.93506 0.07803 0.93506 0.06358 0.94189 0.05058 0.94385 0.04335 0.95215 0.03540 0.95605 0.03829 0.95996 0.03540 0.96191 0.03829 0.97363 0.04263 0.97217 0.04769 0.97510 0.05058 0.97656 0.05708 0.98047 0.05708 0.98340 0.06142 0.98633 0.05708 0.98828 0.05708 0.98975 0.06069 0.98584 0.06214 0.98877 0.06503 0.98877 0.06936 0.98682 0.07081 0.99414 0.07153 0.99561 0.07370 0.98682 0.08671 0.99023 0.08598 0.99561 0.08960 0.99219 0.09176 0.99023 0.08887 0.98682 0.09249 0.98877 0.09682 0.98730 0.09899 0.98340 0.09610 0.98145 0.10043 0.97949 0.10043 0.97803 0.10260 0.97803 0.10838 0.97461 0.11055 0.96924 0.11994 0.97217 0.12283 0.97412 0.13006 0.97119 0.13584 0.97217 0.14017 0.96777 0.14668 0.96436 0.14740 0.96680 0.15246
0 0.87305 0.68569 0.85742 0.65390 0.86719 0.62645 0.87207 0.60332 0.84570 0.63367 0.81885 0.60838 0.79980 0.61055 0.77930 0.59032 0.76221 0.59682 0.72998 0.61127 0.71631 0.58671 0.69141 0.51084 0.66992 0.51373 0.66699 0.49061 0.69531 0.49350 0.71582 0.51517 0.71582 0.49205 0.71533 0.46387 0.69775 0.46965 0.67871 0.48483 0.69238 0.43858 0.69434 0.40968 0.71826 0.41618 0.73047 0.42124 0.74805 0.39957 0.75830 0.32803 0.74463 0.26301 0.71973 0.24061 0.68994 0.28179 0.68311 0.31358 0.67334 0.32659 0.67188 0.26084 0.66650 0.23988 0.66943 0.19364 0.68066 0.19581 0.68018 0.23266 0.71289 0.22616 0.74072 0.20954 0.76074 0.20303 0.76953 0.18569 0.81738 0.17991 0.80957 0.14812 0.83057 0.14017 0.84473 0.11922 0.85547 0.14234 0.89062 0.17558 0.92188 0.19581 0.93994 0.25434 0.94580 0.33237 0.94482 0.39017 0.95752 0.45231 0.96289 0.52384 0.95068 0.56647 0.92578 0.55564 0.93555 0.59176 0.91748 0.60260 0.87744 0.62572 0.87598 0.66546 0.88965 0.65390 0.90967 0.66185 0.87891 0.66980
0 0.83105 0.90968 0.82861 0.90751 0.83057 0.89884 0.82812 0.88656 0.82568 0.89017 0.82568 0.90462 0.82422 0.90679 0.82227 0.89957 0.81641 0.90246 0.81494 0.89884 0.81592 0.88006 0.82129 0.86922 0.83203 0.86488 0.83350 0.86850 0.83350 0.88150 0.83496 0.88223 0.83691 0.87500 0.84229 0.87572 0.84473 0.86055 0.84668 0.86055 0.84619 0.86416 0.84961 0.86633 0.85010 0.86127 0.85938 0.85188 0.86230 0.85766 0.86328 0.85477 0.86816 0.85332 0.87061 0.84971 0.87061 0.84249 0.87744 0.83382 0.87451 0.82948 0.87549 0.82659 0.88037 0.82514 0.88232 0.81214 0.88672 0.80997 0.88965 0.80564 0.89160 0.80564 0.89355 0.80997 0.89746 0.80564 0.90039 0.81142 0.90283 0.81069 0.90088 0.80636 0.90430 0.80564 0.90625 0.81286 0.91260 0.81358 0.90674 0.81936 0.90723 0.82298 0.91162 0.82225 0.91064 0.83526 0.91260 0.85405 0.90967 0.86127 0.91064 0.86850 0.90869 0.87717 0.90137 0.89668 0.89307 0.89451 0.89307 0.89017 0.89502 0.88873 0.89453 0.88512 0.89160 0.88512 0.89062 0.88801 0.88379 0.88801 0.87793 0.88512 0.87207 0.88656 0.87012 0.87934 0.86523 0.87645 0.86084 0.87861 0.85938 0.88656 0.85547 0.88656 0.85010 0.87572 0.85303 0.87283 0.85303 0.86850 0.85156 0.86777 0.84717 0.87139 0.84717 0.89884 0.84473 0.90246 0.84082 0.90101 0.83643 0.89595 0.83594 0.89234 0.83398 0.89234 0.83350 0.89740 0.83643 0.89884 0.83154 0.90318 0.83252 0.90751 0.83105 0.90968
0 0.86230 0.99350 0.85156 0.98627 0.85791 0.98266 0.85352 0.97471 0.84863 0.97760 0.84473 0.98049 0.83301 0.97760 0.82959 0.97254 0.82861 0.96532 0.83105 0.95303 0.84033 0.94942 0.84375 0.94003 0.85156 0.93858 0.86230 0.94436 0.86816 0.94003 0.87109 0.93858 0.86914 0.93569 0.86865 0.93064 0.85938 0.92558 0.84863 0.92124 0.82715 0.91691 0.81885 0.91040 0.81445 0.91835 0.80908 0.90751 0.81396 0.88295 0.82812 0.86488 0.83496 0.86199 0.84961 0.85621 0.86035 0.84032 0.87354 0.82659 0.88135 0.82803 0.88623 0.83526 0.88672 0.84321 0.89062 0.82731 0.89307 0.83960 0.89404 0.85694 0.89355 0.86344 0.88525 0.85694 0.88086 0.87789 0.87354 0.87428 0.86816 0.87211 0.86475 0.87139 0.86670 0.88439 0.87402 0.88945 0.87598 0.88078 0.87744 0.88873 0.88135 0.89595 0.87744 0.90462 0.87646 0.91908 0.88184 0.92413 0.88965 0.91835 0.89307 0.93353 0.89209 0.94798 0.89014 0.96965 0.88965 0.97760 0.88477 0.97327 0.87695 0.98338 0.87451 0.98699 0.87695 0.99205 0.86816 0.98916
0 0.74023 0.81720 0.73828 0.81286 0.73535 0.81720 0.72656 0.81575 0.72510 0.81358 0.73291 0.80202 0.73096 0.79913 0.73682 0.79480 0.72949 0.79263 0.72803 0.78902 0.72803 0.78613 0.73096 0.78324 0.73047 0.77818 0.73242 0.78251 0.73486 0.78035 0.72998 0.77312 0.72900 0.76445 0.73047 0.76228 0.73438 0.76373 0.73633 0.76084 0.74414 0.76084 0.74756 0.76734 0.74561 0.77168 0.74756 0.77601 0.74365 0.78324 0.75244 0.79046 0.75195 0.79263 0.74219 0.79408 0.74268 0.79913 0.74121 0.80130 0.73730 0.79986 0.73486 0.80202 0.73633 0.80564 0.73877 0.80636 0.73877 0.81069 0.74170 0.81358 0.74023 0.81720
0 0.54785 0.80130 0.53906 0.79408 0.52246 0.79118 0.52490 0.76879 0.51270 0.73194 0.46973 0.71604 0.47266 0.71171 0.48047 0.70882 0.47607 0.69509 0.47900 0.67919 0.47070 0.67124 0.45459 0.64740 0.45850 0.65462 0.46484 0.66113 0.48047 0.65824 0.47754 0.64957 0.47119 0.64451 0.47119 0.62861 0.47363 0.61633 0.46777 0.63223 0.45898 0.63078 0.44922 0.62789 0.43701 0.61416 0.43848 0.59754 0.45801 0.59610 0.45703 0.58454 0.46484 0.57298 0.46680 0.56720 0.48193 0.57659 0.49707 0.58309 0.49658 0.57225 0.50488 0.56864 0.50195 0.53685 0.50488 0.53540 0.51758 0.52095 0.52832 0.52384 0.53369 0.52601 0.54834 0.53757 0.55078 0.55564 0.56055 0.57009 0.56201 0.58815 0.55371 0.59899 0.57129 0.59610 0.56543 0.61488 0.58350 0.61416 0.58936 0.60549 0.58740 0.62139 0.58643 0.64451 0.59717 0.63584 0.60107 0.63584 0.60205 0.66474 0.59180 0.66835 0.58887 0.67847 0.59912 0.68353 0.60791 0.69798 0.59180 0.69147 0.58398 0.70882 0.58154 0.68642 0.57373 0.69798 0.58203 0.71749 0.57471 0.73410 0.57666 0.74855 0.56299 0.77023 0.57275 0.76879 0.57471 0.78468 0.56104 0.77890 0.56055 0.79118 0.54590 0.79697
0 0.53613 0.99350 0.52832 0.99205 0.52246 0.96315 0.51270 0.97471 0.50732 0.96965 0.50586 0.96171 0.50586 0.95592 0.50879 0.95882 0.51172 0.95303 0.51270 0.94870 0.51074 0.94581 0.49951 0.94942 0.49854 0.98266 0.49658 0.97832 0.49463 0.96965 0.49365 0.96676 0.48877 0.96098 0.49170 0.95665 0.48682 0.94509 0.48730 0.93136 0.48389 0.92052 0.48682 0.91908 0.48730 0.92702 0.49121 0.92124 0.49561 0.92630 0.49023 0.91546 0.49414 0.91402 0.49902 0.90824 0.50391 0.90968 0.51221 0.90751 0.51318 0.90029 0.51855 0.87789 0.52197 0.87139 0.53662 0.84827 0.54443 0.83382 0.56348 0.82731 0.56885 0.81069 0.57422 0.81286 0.58252 0.80202 0.59082 0.79841 0.58838 0.80636 0.59033 0.81936 0.57764 0.82514 0.58496 0.82731 0.58350 0.83382 0.58545 0.84827 0.58594 0.85477 0.58105 0.85188 0.57373 0.85260 0.57275 0.87139 0.57812 0.87645 0.58350 0.87572 0.58398 0.85910 0.59375 0.86344 0.59180 0.87066 0.58545 0.87283 0.59277 0.88078 0.59863 0.87789 0.60596 0.88873 0.60645 0.89668 0.60547 0.90246 0.60107 0.90318 0.60791 0.91474 0.60254 0.91546 0.60205 0.92341 0.59863 0.93136 0.59424 0.92052 0.58301 0.93714 0.57422 0.93280 0.58496 0.93858 0.58398 0.94581 0.57422 0.94725 0.57568 0.95376 0.57031 0.95159 0.57178 0.96098 0.56543 0.96604 0.55322 0.96821 0.55371 0.97471 0.55078 0.97038 0.55127 0.97543 0.54102 0.97905 0.53418 0.97905 0.53809 0.98194 0.53613 0.99350
0 0.61230 0.96893 0.60254 0.96893 0.60107 0.96387 0.59717 0.96098 0.59912 0.95665 0.59766 0.95592 0.59570 0.95882 0.59131 0.95231 0.59180 0.94725 0.59619 0.94653 0.59424 0.94075 0.59863 0.94147 0.60156 0.93280 0.60938 0.93280 0.61523 0.92413 0.61816 0.92413 0.61914 0.92702 0.62109 0.92413 0.62402 0.92413 0.62598 0.91980 0.62793 0.91980 0.62988 0.92413 0.63281 0.92124 0.63232 0.92775 0.63428 0.93064 0.63428 0.93642 0.63623 0.94075 0.63428 0.94509 0.63525 0.94942 0.63232 0.95376 0.63232 0.95665 0.62695 0.96171 0.62207 0.96026 0.62109 0.96460 0.61523 0.96460 0.61230 0.96893
0 0.40430 0.99783 0.39355 0.99494 0.38477 0.98627 0.38135 0.99133 0.36230 0.99350 0.36523 0.98338 0.35840 0.97760 0.34912 0.97543 0.34424 0.97254 0.34619 0.96532 0.34473 0.96026 0.34375 0.95592 0.34521 0.94075 0.34619 0.93208 0.34180 0.93280 0.33496 0.93280 0.33691 0.92269 0.33984 0.92124 0.33496 0.91691 0.33887 0.90968 0.34619 0.90751 0.34521 0.89884 0.34570 0.89234 0.34033 0.87572 0.34619 0.86994 0.35010 0.86416 0.34473 0.86344 0.34521 0.85694 0.34131 0.84971 0.34180 0.84321 0.34277 0.85043 0.34912 0.85694 0.35303 0.85116 0.35498 0.84682 0.36621 0.85043 0.37158 0.83960 0.37158 0.83526 0.36621 0.83454 0.36133 0.83165 0.35938 0.84321 0.35693 0.83382 0.35693 0.82514 0.35840 0.81575 0.37305 0.82587 0.38184 0.83887 0.39062 0.83598 0.40576 0.85260 0.39209 0.87283 0.39355 0.87789 0.38623 0.87861 0.38916 0.88728 0.40039 0.90535 0.41602 0.91691 0.42188 0.92269 0.42871 0.91546 0.44287 0.91474 0.44092 0.92486 0.43555 0.92124 0.43018 0.93353 0.43945 0.93714 0.44434 0.94147 0.44775 0.93497 0.45166 0.94220 0.45215 0.94581 0.44629 0.94725 0.43018 0.94364 0.42920 0.93786 0.42676 0.94003 0.42480 0.94581 0.42236 0.94942 0.42090 0.95448 0.43311 0.95954 0.42822 0.96243 0.43164 0.96749 0.43652 0.97038 0.44043 0.97038 0.44678 0.98266 0.43652 0.99205 0.42871 0.99205 0.41406 0.99061 0.40430 0.99783
0 0.38379 0.76084 0.37842 0.75434 0.37842 0.75145 0.38037 0.75000 0.37842 0.74422 0.38379 0.73627 0.38867 0.73772 0.39062 0.74061 0.39551 0.73627 0.40137 0.73916 0.40283 0.73410 0.40186 0.72832 0.40332 0.72616 0.40820 0.72616 0.41162 0.71965 0.40967 0.71532 0.40967 0.70520 0.41113 0.70159 0.41309 0.70737 0.42139 0.71098 0.41748 0.70665 0.41602 0.70159 0.41309 0.70159 0.41113 0.69725 0.40674 0.69509 0.41113 0.69003 0.41406 0.69436 0.41748 0.69075 0.41455 0.68642 0.41455 0.68208 0.42773 0.68280 0.43164 0.67269 0.43408 0.67341 0.43359 0.67991 0.43652 0.67991 0.43701 0.67486 0.43945 0.67413 0.43994 0.67919 0.44482 0.68353 0.43994 0.68642 0.43799 0.69075 0.43994 0.69509 0.43848 0.69725 0.42188 0.69725 0.41748 0.69942 0.41992 0.70592 0.42480 0.70592 0.43408 0.71387 0.43262 0.71893 0.42871 0.71604 0.42285 0.71604 0.42139 0.71821 0.42383 0.71893 0.42871 0.72905 0.43359 0.72760 0.43408 0.72977 0.43164 0.73194 0.42773 0.73049 0.41797 0.74639 0.41016 0.74783 0.40723 0.74494 0.40332 0.74783 0.40039 0.74494 0.39648 0.74783 0.39355 0.74494 0.38818 0.75145 0.38818 0.75578 0.38379 0.76084
0 0.32031 0.98049 0.31543 0.97760 0.30664 0.97905 0.29395 0.98049 0.28223 0.97760 0.27539 0.97616 0.27051 0.97905 0.26465 0.98049 0.26416 0.96532 0.25342 0.95665 0.25049 0.96676 0.24609 0.97182 0.24072 0.96098 0.24658 0.95231 0.25049 0.94075 0.25049 0.92919 0.24854 0.91474 0.24121 0.90246 0.23975 0.90751 0.23193 0.90607 0.23047 0.90535 0.22559 0.90824 0.22021 0.90173 0.22119 0.89595 0.21240 0.88728 0.21240 0.87717 0.20459 0.86127 0.20801 0.85621 0.21289 0.86488 0.21924 0.85838 0.22119 0.85116 0.22510 0.83815 0.23779 0.82225 0.23877 0.80491 0.23389 0.78757 0.22998 0.77890 0.23193 0.76734 0.23730 0.76084 0.24902 0.76228 0.26367 0.76084 0.26855 0.76517 0.27930 0.75939 0.28076 0.77746 0.28516 0.78107 0.28467 0.76734 0.29053 0.74422 0.29834 0.75145 0.30664 0.76373 0.32324 0.76951 0.33643 0.77457 0.33936 0.78324 0.34277 0.79986 0.34082 0.81142 0.32422 0.80564 0.32422 0.81575 0.32910 0.81286 0.33398 0.81720 0.33643 0.83092 0.33545 0.83815 0.33105 0.84321 0.33545 0.86127 0.33105 0.86488 0.33545 0.86994 0.32812 0.87500 0.31738 0.86922 0.31738 0.87645 0.33740 0.88006 0.32422 0.88656 0.32520 0.88945 0.33203 0.89379 0.33740 0.89451 0.33740 0.91040 0.34424 0.91329 0.33691 0.91691 0.34863 0.92702 0.34766 0.93136 0.34180 0.93280 0.33936 0.93786 0.32324 0.94725 0.33398 0.95303 0.34180 0.95882 0.33691 0.96171 0.33643 0.96821 0.32910 0.97760 0.32031 0.98049
0 0.19629 0.93569 0.19287 0.91908 0.17871 0.91691 0.16064 0.91908 0.16846 0.91185 0.17725 0.89884 0.17578 0.89379 0.18799 0.90751 0.19189 0.89595 0.17188 0.87934 0.16748 0.86416 0.18115 0.83815 0.17188 0.81864 0.16406 0.79841 0.15381 0.80636 0.14551 0.81575 0.13477 0.80997 0.12988 0.80130 0.13916 0.79913 0.14453 0.79408 0.15283 0.77890 0.16895 0.76662 0.17480 0.77529 0.17725 0.76879 0.18311 0.77601 0.19385 0.78035 0.19922 0.76806 0.20850 0.75578 0.19336 0.75506 0.16992 0.75506 0.15723 0.75795 0.14404 0.75723 0.15430 0.73483 0.16357 0.73121 0.17920 0.72977 0.17236 0.71532 0.16650 0.70665 0.17871 0.68136 0.18701 0.66908 0.20068 0.65896 0.19385 0.66185 0.19580 0.67197 0.19580 0.68497 0.19287 0.70809 0.19580 0.72977 0.19775 0.74422 0.21045 0.76301 0.20947 0.78324 0.20801 0.78685 0.19580 0.78902 0.20264 0.80202 0.19727 0.81720 0.19189 0.82948 0.19141 0.84176 0.20898 0.84899 0.20996 0.87500 0.19824 0.85477 0.19092 0.85549 0.19971 0.86850 0.20166 0.89162 0.20459 0.91185 0.19873 0.92630
0 0.05078 0.87066 0.04883 0.87066 0.04688 0.86633 0.04297 0.87066 0.04150 0.86850 0.04443 0.86416 0.04297 0.86199 0.04004 0.86488 0.03516 0.86199 0.03418 0.85910 0.02832 0.85477 0.02393 0.84538 0.02490 0.84104 0.02930 0.83598 0.03516 0.83454 0.04297 0.82876 0.04639 0.82370 0.05029 0.79913 0.05371 0.79263 0.06348 0.79118 0.06494 0.79913 0.06299 0.80347 0.06494 0.80636 0.06689 0.81792 0.06592 0.83237 0.06787 0.83382 0.06689 0.83815 0.06885 0.84104 0.06885 0.84971 0.06592 0.85260 0.06543 0.85621 0.05664 0.86199 0.05078 0.87066
0 0.09863 0.99350 0.07324 0.97616 0.07666 0.89884 0.07471 0.82225 0.07227 0.78685 0.06201 0.76012 0.04541 0.75289 0.04150 0.70954 0.03857 0.69364 0.04980 0.68569 0.02295 0.67197 0.04102 0.66691 0.05127 0.61850 0.04346 0.60838 0.02734 0.61488 0.02881 0.59538 0.01709 0.55202 0.02979 0.52168 0.04688 0.53107 0.02539 0.51084 0.04346 0.49133 0.05078 0.44581 0.04541 0.42052 0.04785 0.39523 0.06738 0.37645 0.08398 0.34176 0.07227 0.33743 0.08496 0.32009 0.12500 0.34899 0.14697 0.35260 0.16797 0.39234 0.20605 0.38367 0.21191 0.40968 0.24170 0.39162 0.22559 0.44003 0.21191 0.44292 0.20166 0.47832 0.22412 0.53035 0.21387 0.55564 0.22412 0.58671 0.26953 0.61488 0.29834 0.55202 0.31152 0.54263 0.32666 0.52890 0.33838 0.55636 0.31689 0.57081 0.29541 0.63728 0.26465 0.64668 0.22656 0.63801 0.19775 0.66908 0.23340 0.75939 0.25781 0.75939 0.27734 0.77818 0.24170 0.77601 0.22656 0.76951 0.23193 0.80636 0.21240 0.82514 0.20410 0.82731 0.17236 0.84538 0.17334 0.91185 0.14697 0.93064 0.14160 0.98483 0.11035 0.97905
0 0.00000 0.03540 0.04102 0.00361 0.05615 0.00578 0.06934 0.00361 0.08105 0.00361 0.12207 0.00361 0.20215 0.00795 0.26172 0.00361 0.32520 0.01806 0.36719 0.00361 0.39648 0.05997 0.35547 0.05853 0.30811 0.15462 0.36035 0.18136 0.39600 0.25578 0.41602 0.25217 0.39453 0.31575 0.37988 0.33887 0.38525 0.30925 0.37402 0.28540 0.38916 0.28468 0.35352 0.26951 0.34082 0.30564 0.32275 0.27746 0.32812 0.25795 0.30615 0.22543 0.27783 0.19798 0.27148 0.17847 0.26611 0.18786 0.24268 0.17775 0.23877 0.21532 0.22998 0.25434 0.25244 0.26734 0.27588 0.30925 0.26855 0.33165 0.24658 0.34538 0.23193 0.35983 0.23389 0.38295 0.24658 0.39017 0.24072 0.40896 0.23682 0.43497 0.23340 0.45303 0.22314 0.47977 0.22754 0.52240 0.24951 0.53324 0.23096 0.57370 0.23877 0.62572 0.21875 0.63945 0.19971 0.60549 0.15625 0.56142 0.16650 0.46532 0.11084 0.44942 0.08545 0.58960 0.11914 0.61633 0.10400 0.65029 0.12842 0.74133 0.10303 0.74566 0.07568 0.74133 0.04834 0.76012 0.03760 0.76301 0.00342 0.70376 0.00244 0.42919
0 0.11621 0.61199 0.11133 0.61199 0.09863 0.60621 0.09180 0.60043 0.08740 0.59249 0.08057 0.56503 0.08447 0.52890 0.09326 0.49277 0.10693 0.45809 0.11621 0.44436 0.12695 0.43569 0.13281 0.43280 0.14355 0.43280 0.15625 0.44147 0.15967 0.44653 0.16553 0.46387 0.16748 0.47688 0.16748 0.50289 0.16553 0.51734 0.15869 0.54769 0.15576 0.55636 0.14990 0.56503 0.14502 0.58815 0.13281 0.60621 0.11621 0.61199
0 0.13672 0.73483 0.12598 0.73483 0.11719 0.73194 0.10840 0.72471 0.10010 0.71243 0.09619 0.69798 0.09717 0.67052 0.10498 0.65607 0.10938 0.63945 0.11914 0.63367 0.12207 0.63656 0.12695 0.63656 0.13135 0.63006 0.13281 0.62211 0.13672 0.62211 0.13965 0.61777 0.14746 0.61344 0.15576 0.60260 0.15186 0.59538 0.15186 0.58960 0.15430 0.58454 0.17090 0.57442 0.18164 0.57442 0.19385 0.60260 0.19678 0.61561 0.19580 0.64162 0.19287 0.65029 0.17725 0.67630 0.17529 0.68353 0.15869 0.71387 0.14648 0.73049 0.13672 0.73483
