0 0.60645 0.67558 0.59277 0.67269 0.57910 0.66257 0.56885 0.65029 0.56787 0.64451 0.55908 0.62717 0.55518 0.60983 0.55615 0.58092 0.55811 0.57081 0.55713 0.53613 0.55908 0.52890 0.56934 0.51373 0.57812 0.50795 0.61719 0.49928 0.63867 0.50072 0.64502 0.51734 0.64990 0.53902 0.65674 0.55347 0.65869 0.57081 0.65186 0.58960 0.64258 0.59899 0.63867 0.60043 0.63037 0.61561 0.63037 0.61850 0.62451 0.62861 0.62158 0.64017 0.61377 0.65462 0.60986 0.67197 0.60645 0.67558
0 0.73926 0.51084 0.70703 0.50795 0.66992 0.50795 0.64551 0.50361 0.63867 0.49928 0.62402 0.49783 0.62012 0.49494 0.60938 0.49639 0.60303 0.48844 0.58545 0.45376 0.58350 0.43642 0.58154 0.43064 0.57666 0.42486 0.57666 0.41763 0.58057 0.41329 0.58740 0.38728 0.59912 0.37139 0.60010 0.36705 0.59814 0.35983 0.60156 0.35477 0.61035 0.35477 0.61816 0.35188 0.66211 0.35621 0.69238 0.35477 0.69727 0.35766 0.70801 0.35910 0.71875 0.36633 0.72852 0.36777 0.74316 0.37789 0.76221 0.41329 0.76709 0.42919 0.76709 0.45809 0.77197 0.47543 0.76904 0.48844 0.76465 0.49494 0.75488 0.50361 0.73926 0.51084
0 0.73730 0.36777 0.72754 0.36199 0.71875 0.36199 0.70605 0.35477 0.68359 0.34899 0.67676 0.34176 0.66797 0.34321 0.65820 0.33887 0.65186 0.33237 0.64697 0.31503 0.64795 0.30202 0.64990 0.29769 0.64990 0.28613 0.65186 0.28179 0.65186 0.27168 0.65576 0.26301 0.65967 0.24277 0.68408 0.18497 0.70361 0.14884 0.71484 0.13367 0.73145 0.12066 0.74609 0.12066 0.75684 0.12789 0.77148 0.14523 0.78711 0.15535 0.80420 0.17775 0.80420 0.19075 0.80908 0.21098 0.80908 0.21821 0.80713 0.22543 0.80273 0.23194 0.79980 0.22471 0.79736 0.22543 0.79980 0.23627 0.79443 0.23555 0.79541 0.22543 0.79199 0.22182 0.78418 0.22327 0.78271 0.22543 0.78613 0.23338 0.78906 0.23049 0.79346 0.23699 0.78906 0.24783 0.78711 0.24494 0.77930 0.24639 0.77295 0.26012 0.76221 0.27312 0.75928 0.28324 0.75830 0.30347 0.75635 0.31214 0.74561 0.34104 0.74170 0.36272 0.73730 0.36777
0 0.83691 0.38945 0.82812 0.38945 0.82129 0.38223 0.81445 0.38223 0.80664 0.37645 0.80273 0.38078 0.80029 0.37861 0.79980 0.37500 0.79297 0.37645 0.78906 0.37211 0.78418 0.37211 0.77930 0.37645 0.77539 0.37645 0.76660 0.38945 0.76465 0.38945 0.76172 0.38223 0.75830 0.38150 0.75635 0.37428 0.75049 0.36705 0.74951 0.36272 0.75049 0.33815 0.75439 0.33092 0.75439 0.32514 0.75928 0.31069 0.76221 0.29335 0.77246 0.28251 0.77539 0.28251 0.78418 0.26806 0.78809 0.26662 0.79150 0.26012 0.79150 0.25578 0.79883 0.24639 0.81445 0.24061 0.82617 0.23049 0.83105 0.22905 0.85352 0.23194 0.86914 0.24928 0.87109 0.24928 0.88135 0.26156 0.88525 0.27601 0.89209 0.29191 0.89209 0.29769 0.88916 0.30491 0.88525 0.32948 0.87939 0.34393 0.88037 0.36416 0.87695 0.36777 0.86621 0.37066 0.86133 0.37645 0.85059 0.38367 0.83691 0.38945
0 0.58789 0.49494 0.58105 0.48627 0.57812 0.48627 0.57373 0.47977 0.56396 0.45954 0.55615 0.43642 0.55225 0.41329 0.55225 0.37861 0.55518 0.36850 0.55615 0.35694 0.56299 0.33815 0.56299 0.33382 0.56982 0.32225 0.57471 0.30347 0.56152 0.30708 0.55176 0.30275 0.54980 0.30564 0.54932 0.29046 0.55908 0.25578 0.56592 0.23988 0.57227 0.23049 0.58496 0.22471 0.60059 0.22471 0.62207 0.23916 0.63037 0.25145 0.64111 0.27312 0.64502 0.28613 0.64209 0.31503 0.64404 0.32081 0.64404 0.34104 0.64600 0.35116 0.64453 0.35332 0.61621 0.35188 0.60156 0.35477 0.59912 0.35838 0.59912 0.36416 0.60107 0.36705 0.58447 0.39451 0.57861 0.41908 0.58643 0.45376 0.59912 0.48266 0.59912 0.48555 0.59473 0.49205 0.59082 0.49205 0.58789 0.49494
0 0.65039 0.84032 0.64648 0.84032 0.64355 0.83743 0.64062 0.83887 0.63916 0.83671 0.63916 0.82948 0.63721 0.82659 0.63721 0.82081 0.63232 0.81503 0.62988 0.80564 0.62549 0.80491 0.62646 0.77168 0.62939 0.76301 0.62842 0.75578 0.63232 0.74855 0.62939 0.74133 0.63281 0.73627 0.63965 0.73916 0.64502 0.73699 0.64111 0.72832 0.64111 0.71821 0.63672 0.71171 0.61914 0.70737 0.61279 0.69798 0.60986 0.68064 0.61084 0.66474 0.61279 0.65751 0.63428 0.61416 0.65234 0.59610 0.66260 0.58092 0.66553 0.57225 0.68555 0.54697 0.70410 0.53540 0.72363 0.53396 0.73633 0.53829 0.74902 0.54841 0.76123 0.56647 0.76416 0.57514 0.77002 0.58382 0.77490 0.60116 0.77588 0.61994 0.76904 0.62717 0.76172 0.64234 0.74805 0.65535 0.74414 0.65535 0.73438 0.66402 0.72559 0.66835 0.71680 0.66835 0.71484 0.67124 0.70801 0.67269 0.69824 0.67124 0.69482 0.67486 0.69482 0.67919 0.69189 0.68208 0.69287 0.69220 0.68359 0.70159 0.67627 0.71387 0.67432 0.72543 0.67529 0.73699 0.66797 0.74639 0.66602 0.74350 0.66064 0.74566 0.66650 0.74855 0.65967 0.75723 0.66064 0.76156 0.66455 0.76445 0.66455 0.76879 0.66650 0.77168 0.66064 0.78035 0.66455 0.78757 0.66260 0.79191 0.66553 0.79480 0.66553 0.80058 0.66748 0.80347 0.66553 0.80636 0.66748 0.80925 0.66748 0.81792 0.66504 0.82731 0.65625 0.83743 0.65039 0.84032
0 0.74023 0.85766 0.72559 0.85477 0.70996 0.84176 0.69434 0.83454 0.69092 0.82948 0.68408 0.81069 0.67627 0.77168 0.67725 0.71387 0.68262 0.70448 0.69531 0.69436 0.70117 0.68569 0.71582 0.67702 0.72754 0.67702 0.74121 0.68136 0.74902 0.68714 0.75781 0.70159 0.76758 0.70737 0.77002 0.71532 0.77002 0.72688 0.77881 0.73988 0.78662 0.75723 0.78955 0.76879 0.78906 0.77384 0.78271 0.77890 0.78467 0.78757 0.78467 0.79913 0.77100 0.82803 0.76562 0.83598 0.74805 0.84610 0.74023 0.85766
0 0.58105 0.89668 0.57715 0.89379 0.57422 0.89523 0.57129 0.89234 0.55664 0.89234 0.55615 0.88150 0.55811 0.88006 0.55371 0.87645 0.54395 0.87934 0.52783 0.87572 0.52783 0.86850 0.53076 0.86416 0.52588 0.85694 0.52783 0.85549 0.52832 0.85188 0.53320 0.85477 0.53613 0.85043 0.54004 0.85332 0.54102 0.85043 0.55176 0.85043 0.55225 0.84827 0.54297 0.84754 0.54004 0.85043 0.53711 0.84754 0.53125 0.84899 0.52686 0.84538 0.52588 0.82514 0.52881 0.81792 0.52588 0.81503 0.52393 0.79335 0.53369 0.74422 0.53271 0.73988 0.54150 0.71965 0.55762 0.70159 0.57129 0.69003 0.58105 0.68425 0.58887 0.68425 0.59473 0.68714 0.59863 0.69292 0.60547 0.69581 0.60986 0.70231 0.61084 0.70809 0.61475 0.71387 0.61182 0.71821 0.62061 0.72832 0.62061 0.73266 0.62549 0.74133 0.62549 0.76012 0.62354 0.79913 0.61230 0.79986 0.61084 0.80347 0.61475 0.80636 0.61182 0.80925 0.61182 0.81647 0.60889 0.82948 0.60645 0.83165 0.59766 0.83165 0.59619 0.83382 0.59717 0.84104 0.60107 0.84538 0.59814 0.84827 0.59814 0.86127 0.59229 0.87717 0.58252 0.87717 0.58643 0.87139 0.58594 0.86344 0.58301 0.86344 0.58203 0.86777 0.56982 0.86416 0.57227 0.87066 0.57617 0.87500 0.57959 0.87572 0.56934 0.87789 0.56689 0.88439 0.57129 0.88945 0.58105 0.87789 0.58154 0.88295 0.58350 0.88439 0.58350 0.89162 0.58105 0.89668
0 0.46973 0.90390 0.46777 0.90101 0.45996 0.89812 0.45166 0.88728 0.45312 0.88512 0.45654 0.88584 0.45654 0.88295 0.45166 0.87717 0.45459 0.86850 0.45410 0.86344 0.44824 0.85910 0.44336 0.85910 0.43164 0.87066 0.42578 0.87355 0.41797 0.87355 0.40918 0.86344 0.39600 0.84249 0.38525 0.81647 0.37939 0.80925 0.37354 0.79769 0.36865 0.78179 0.36963 0.76445 0.36377 0.75145 0.35986 0.72543 0.36914 0.71171 0.37891 0.70159 0.39062 0.69581 0.40332 0.69581 0.42480 0.70303 0.43359 0.71026 0.47266 0.76517 0.48438 0.77529 0.49121 0.78540 0.50537 0.80058 0.51025 0.81647 0.51025 0.82081 0.50049 0.84538 0.49854 0.86272 0.49561 0.87139 0.49463 0.89017 0.49121 0.89234 0.48975 0.88873 0.49170 0.88439 0.49072 0.86994 0.48730 0.86488 0.48145 0.86633 0.47656 0.87789 0.46973 0.87789 0.46533 0.88150 0.46533 0.89162 0.47021 0.89884 0.46973 0.90390
0 0.33594 0.70882 0.32227 0.70882 0.31348 0.70592 0.29199 0.69292 0.28369 0.68208 0.27686 0.65896 0.27100 0.64595 0.26807 0.61994 0.26904 0.60694 0.27881 0.58960 0.29004 0.57731 0.32031 0.55853 0.39355 0.52673 0.41211 0.51517 0.42969 0.51373 0.44434 0.52240 0.45068 0.53613 0.45850 0.54769 0.46924 0.57514 0.47217 0.59682 0.47119 0.60260 0.46631 0.61272 0.46289 0.61633 0.45898 0.61633 0.44531 0.60332 0.44141 0.60332 0.43555 0.61344 0.42432 0.62139 0.42480 0.62645 0.42871 0.62500 0.43506 0.63295 0.43408 0.63728 0.43701 0.64162 0.43506 0.65607 0.43164 0.66546 0.42676 0.66546 0.41016 0.67702 0.39941 0.67991 0.38086 0.69436 0.37109 0.69436 0.35840 0.70159 0.33594 0.70882
0 0.55078 0.60766 0.54590 0.60766 0.53613 0.60188 0.52930 0.60332 0.51367 0.59610 0.50488 0.58743 0.49707 0.58309 0.48438 0.56575 0.47461 0.55997 0.47119 0.55491 0.47119 0.55202 0.46533 0.54480 0.46338 0.52601 0.46680 0.52240 0.46973 0.52240 0.47363 0.51373 0.48438 0.51373 0.48779 0.51012 0.48584 0.50289 0.48682 0.48988 0.48340 0.48627 0.47754 0.48483 0.47363 0.47905 0.46777 0.47760 0.46289 0.47327 0.46094 0.47760 0.45898 0.47760 0.45752 0.47543 0.45947 0.47110 0.45605 0.46604 0.45117 0.46315 0.44922 0.45882 0.43799 0.45231 0.43994 0.43931 0.43652 0.43569 0.42383 0.43280 0.42090 0.43714 0.41797 0.43714 0.41504 0.43280 0.40723 0.43136 0.40479 0.42775 0.40381 0.42197 0.40967 0.41329 0.41895 0.39234 0.43262 0.38656 0.44629 0.38512 0.47754 0.39523 0.50781 0.41980 0.53516 0.45303 0.54004 0.45592 0.55664 0.47760 0.56641 0.48483 0.57373 0.49566 0.57568 0.50578 0.56299 0.52023 0.55615 0.53757 0.55713 0.56936 0.55420 0.58815 0.55420 0.59827 0.55078 0.60766
0 0.25293 0.66835 0.25098 0.66835 0.24707 0.66257 0.24219 0.66113 0.23828 0.65535 0.22852 0.64812 0.22314 0.64017 0.21924 0.62861 0.20459 0.60116 0.20459 0.56214 0.20557 0.55202 0.21045 0.53757 0.22363 0.52240 0.24023 0.51662 0.25195 0.51662 0.26660 0.51951 0.28027 0.52818 0.29395 0.53251 0.32910 0.55130 0.32422 0.55708 0.29883 0.57009 0.28711 0.57876 0.27881 0.58815 0.26709 0.61272 0.26904 0.62283 0.26904 0.63439 0.26758 0.63656 0.25195 0.63656 0.24756 0.64451 0.25049 0.65029 0.25049 0.65751 0.24854 0.66185 0.25635 0.66474 0.25293 0.66835
0 0.62988 0.23483 0.62598 0.23483 0.62402 0.23194 0.61426 0.23194 0.60254 0.22327 0.59863 0.22327 0.59277 0.21893 0.58301 0.22182 0.57227 0.22182 0.56641 0.21749 0.55957 0.21893 0.55371 0.21460 0.54932 0.20376 0.54688 0.20303 0.54248 0.19653 0.53613 0.17702 0.52930 0.17847 0.52637 0.18280 0.52246 0.18425 0.49316 0.18280 0.49463 0.17775 0.49365 0.17486 0.49561 0.17341 0.49561 0.17052 0.49072 0.16763 0.49268 0.16329 0.48877 0.15751 0.48877 0.15029 0.49072 0.14740 0.48877 0.14017 0.49170 0.13295 0.48975 0.12428 0.49463 0.11705 0.49365 0.11272 0.49658 0.10983 0.49365 0.10549 0.49463 0.10116 0.50195 0.09610 0.50244 0.08960 0.50586 0.08743 0.50781 0.08165 0.51172 0.07876 0.51562 0.08020 0.51855 0.07442 0.52246 0.07153 0.53027 0.07298 0.54004 0.06720 0.54688 0.06864 0.54980 0.06575 0.55762 0.06575 0.56055 0.07009 0.57031 0.06864 0.56982 0.07803 0.57227 0.07876 0.57422 0.07587 0.57568 0.08382 0.57910 0.08887 0.58301 0.09032 0.58496 0.09465 0.58594 0.09032 0.59473 0.08454 0.60547 0.08165 0.61426 0.08309 0.62305 0.08743 0.63281 0.09610 0.63965 0.09754 0.64648 0.10477 0.65039 0.10621 0.66553 0.12861 0.66748 0.13439 0.66846 0.14884 0.67139 0.15607 0.67139 0.16618 0.66748 0.17052 0.66650 0.18353 0.66260 0.19509 0.65674 0.20231 0.65283 0.21387 0.64648 0.22182 0.64453 0.22182 0.63770 0.23194 0.63281 0.23194 0.62988 0.23483
0 0.41992 0.39090 0.41211 0.38945 0.40234 0.37645 0.39551 0.37211 0.38965 0.36344 0.38379 0.36199 0.38086 0.35766 0.37598 0.35766 0.37500 0.35332 0.37012 0.35332 0.36621 0.34754 0.36230 0.34754 0.34766 0.33454 0.33789 0.33020 0.31445 0.33309 0.31152 0.33743 0.29883 0.34610 0.29248 0.35694 0.28760 0.37572 0.28223 0.38223 0.27588 0.36994 0.27295 0.35838 0.27197 0.33526 0.27490 0.32803 0.27979 0.30347 0.28467 0.29480 0.28564 0.28613 0.28906 0.28685 0.29492 0.27384 0.31543 0.25361 0.32227 0.25217 0.35547 0.22905 0.35840 0.22905 0.36230 0.22471 0.36621 0.22471 0.38477 0.21315 0.39160 0.21315 0.40625 0.22182 0.41113 0.22182 0.42578 0.21460 0.44043 0.21604 0.44531 0.22182 0.44922 0.22327 0.45410 0.23194 0.45605 0.23194 0.48291 0.27457 0.49268 0.30347 0.49463 0.31792 0.49365 0.33237 0.48486 0.36272 0.48047 0.36922 0.46973 0.36633 0.46680 0.36055 0.46484 0.36055 0.45752 0.37139 0.45752 0.37861 0.45215 0.38367 0.43164 0.38512 0.41992 0.39090
0 0.27539 0.30708 0.27051 0.30708 0.26855 0.30419 0.25684 0.30564 0.25488 0.30275 0.25000 0.30419 0.24219 0.30130 0.23242 0.30275 0.21777 0.29552 0.20752 0.28613 0.20459 0.26879 0.20557 0.21532 0.21143 0.19509 0.24316 0.15101 0.29199 0.11488 0.30078 0.11055 0.31055 0.10332 0.31738 0.09465 0.32129 0.09321 0.33105 0.09321 0.35059 0.10188 0.36426 0.11199 0.37500 0.12645 0.38867 0.13367 0.40088 0.16040 0.39355 0.16980 0.39160 0.16980 0.38428 0.18208 0.37744 0.19942 0.37549 0.20954 0.37158 0.21676 0.36230 0.22182 0.33105 0.24639 0.32129 0.24928 0.30957 0.25795 0.29297 0.27673 0.28662 0.29046 0.27539 0.30708
0 0.37598 0.50795 0.36035 0.50506 0.34375 0.48916 0.33301 0.48338 0.32715 0.47616 0.32129 0.47616 0.31885 0.46676 0.31201 0.45954 0.31396 0.44798 0.31104 0.44364 0.30811 0.43208 0.28857 0.40896 0.28760 0.39740 0.28955 0.38439 0.28955 0.36416 0.29785 0.34610 0.30762 0.34032 0.31641 0.33165 0.32910 0.32876 0.33984 0.33020 0.35547 0.34032 0.35938 0.34610 0.37402 0.35477 0.38477 0.36777 0.39355 0.37066 0.40137 0.37645 0.41064 0.39017 0.41260 0.39451 0.41260 0.40173 0.40869 0.41185 0.40137 0.41980 0.38965 0.42413 0.38818 0.42919 0.39502 0.43931 0.39697 0.45231 0.40723 0.45737 0.41650 0.47110 0.42041 0.48410 0.42041 0.49422 0.41602 0.49928 0.41016 0.50217 0.37598 0.50795
0 0.20605 0.76373 0.19141 0.76373 0.17578 0.75072 0.15674 0.71532 0.15088 0.69798 0.14893 0.67341 0.14893 0.64740 0.15283 0.63728 0.15283 0.63006 0.14893 0.61850 0.14600 0.59249 0.14600 0.57514 0.14404 0.56358 0.14502 0.52168 0.15137 0.51084 0.16113 0.50217 0.16895 0.48916 0.17773 0.48194 0.20605 0.48194 0.21387 0.48627 0.22705 0.50289 0.23096 0.51734 0.22754 0.52240 0.22363 0.52240 0.21289 0.53396 0.20654 0.54769 0.20459 0.55636 0.20459 0.60260 0.21533 0.62139 0.22314 0.64306 0.22949 0.65101 0.23438 0.65390 0.23682 0.66040 0.24170 0.66474 0.24463 0.67630 0.24756 0.67919 0.24951 0.69220 0.24951 0.69653 0.24463 0.70376 0.24463 0.70665 0.23682 0.72254 0.23682 0.72688 0.23291 0.73699 0.23193 0.74711 0.22656 0.75506 0.22363 0.75506 0.21680 0.76084 0.20605 0.76373
0 0.74414 0.99639 0.72266 0.99639 0.69727 0.99639 0.68262 0.99639 0.66211 0.99350 0.64551 0.99350 0.63672 0.99061 0.63525 0.98266 0.62988 0.97471 0.62988 0.98772 0.62695 0.98772 0.62305 0.99350 0.62158 0.98121 0.62354 0.96098 0.62109 0.95882 0.62598 0.95303 0.63867 0.94725 0.63281 0.94581 0.62109 0.93858 0.61768 0.93064 0.62451 0.92197 0.62598 0.91113 0.63330 0.90751 0.63525 0.89740 0.64111 0.89884 0.64941 0.90824 0.65967 0.90607 0.66357 0.88873 0.65918 0.87066 0.65869 0.85838 0.65430 0.85621 0.66016 0.84754 0.67578 0.82876 0.68994 0.82803 0.71924 0.84971 0.72949 0.85766 0.74805 0.84321 0.76660 0.83743 0.77930 0.81431 0.78369 0.78035 0.79199 0.77673 0.79004 0.77384 0.79053 0.76734 0.79248 0.74855 0.79346 0.74855 0.79980 0.75361 0.80518 0.76445 0.80420 0.77890 0.79980 0.78974 0.79980 0.79986 0.80664 0.80130 0.82227 0.78974 0.83350 0.79624 0.83740 0.79191 0.83496 0.80419 0.83301 0.81142 0.83838 0.84971 0.83350 0.84104 0.83105 0.83165 0.81250 0.83887 0.82373 0.84971 0.82373 0.86850 0.81738 0.87211 0.82227 0.88223 0.83350 0.87572 0.83496 0.88512 0.80127 0.89451 0.79736 0.90896 0.78467 0.93353 0.78662 0.94798 0.79004 0.94436 0.79736 0.95231 0.79639 0.96532 0.79541 0.97254 0.78711 0.97760 0.77637 0.97760 0.76416 0.98410 0.75049 0.98121 0.74316 0.98772 0.74463 0.99422
0 0.79395 0.80853 0.78857 0.80347 0.78760 0.78324 0.78857 0.75867 0.78662 0.74566 0.78125 0.73194 0.77393 0.72254 0.77930 0.72471 0.78320 0.72038 0.78613 0.72905 0.79590 0.72038 0.79834 0.71387 0.79932 0.70231 0.80420 0.69653 0.81348 0.69436 0.81885 0.69509 0.81104 0.68786 0.82129 0.67558 0.83105 0.66691 0.84033 0.65462 0.84424 0.64884 0.84033 0.63728 0.84619 0.62717 0.84863 0.61633 0.85986 0.61416 0.87012 0.59754 0.87988 0.60188 0.88086 0.60910 0.88574 0.60043 0.88965 0.60766 0.89844 0.61199 0.89600 0.61850 0.89355 0.62355 0.90430 0.63223 0.90674 0.65751 0.91699 0.65824 0.92871 0.66113 0.92920 0.67919 0.93066 0.68425 0.92529 0.68353 0.92383 0.67413 0.91895 0.67702 0.91357 0.68642 0.91943 0.69075 0.91943 0.69942 0.92041 0.70665 0.90918 0.71171 0.90723 0.71893 0.91553 0.72110 0.91113 0.72182 0.91016 0.72760 0.91943 0.72977 0.91846 0.73699 0.91846 0.74422 0.90723 0.73916 0.89844 0.73049 0.88965 0.72182 0.88770 0.71749 0.86523 0.71749 0.85938 0.72327 0.85498 0.72399 0.85596 0.72832 0.83789 0.74494 0.83350 0.75145 0.83105 0.75650 0.82422 0.75795 0.81641 0.75795 0.80518 0.75867 0.80322 0.77601 0.80029 0.78324 0.80713 0.79046 0.80225 0.79191 0.80371 0.80130 0.79492 0.80275 0.79199 0.79697 0.79443 0.80347
0 0.25098 0.34610 0.23145 0.32298 0.20654 0.31358 0.18848 0.30130 0.19043 0.28396 0.18652 0.28540 0.16113 0.28396 0.13770 0.28396 0.11914 0.28396 0.08691 0.26951 0.06641 0.28974 0.06104 0.28613 0.07324 0.25217 0.05664 0.22905 0.03955 0.25000 0.04248 0.23555 0.03174 0.21676 0.04590 0.20737 0.05127 0.18642 0.04053 0.16329 0.06055 0.14379 0.06738 0.12645 0.03906 0.12934 0.01562 0.14668 0.02344 0.13512 0.04102 0.12211 0.05713 0.07514 0.06201 0.08092 0.09180 0.06431 0.08594 0.04841 0.07178 0.04769 0.05322 0.06358 0.05713 0.04335 0.06299 0.02457 0.09082 0.01517 0.12109 0.02240 0.11914 0.03829 0.11523 0.06575 0.13477 0.09465 0.13818 0.12572 0.13525 0.15896 0.14209 0.15751 0.14746 0.14090 0.15625 0.11055 0.17725 0.10549 0.17432 0.13295 0.18457 0.12355 0.15576 0.09827 0.15625 0.08887 0.17920 0.06503 0.17480 0.06286 0.19629 0.05853 0.21729 0.07370 0.20508 0.09176 0.22607 0.11416 0.22803 0.14740 0.20752 0.19798 0.19141 0.26517 0.19336 0.27384 0.20996 0.29552 0.23145 0.31575 0.24023 0.31864 0.24756 0.32514
0 0.00000 0.69870 0.01025 0.63439 0.02148 0.63512 0.04834 0.63728 0.04785 0.60477 0.03076 0.60983 0.01611 0.61416 0.00342 0.59827 0.01562 0.57442 0.03662 0.59538 0.05273 0.58309 0.06592 0.57948 0.03906 0.57442 0.01855 0.55564 0.02344 0.55130 0.04590 0.56431 0.06689 0.55636 0.07617 0.56142 0.09961 0.53829 0.11914 0.54408 0.14209 0.53324 0.14746 0.63945 0.14795 0.69653 0.18848 0.76806 0.21826 0.75578 0.22607 0.79191 0.22510 0.84682 0.21240 0.83960 0.23242 0.86633 0.23047 0.86633 0.22607 0.88439 0.21973 0.91257 0.20801 0.91691 0.19385 0.90751 0.19971 0.89162 0.18555 0.88223 0.17334 0.87428 0.17236 0.88006 0.15625 0.88223 0.14258 0.91257 0.13232 0.89884 0.11621 0.89523 0.10254 0.91113 0.09863 0.93136 0.09229 0.91908 0.07129 0.91691 0.06445 0.90968 0.05420 0.94075 0.04199 0.95448 0.04785 0.97038 0.06738 0.97905 0.04834 0.99133 0.03320 0.97182 0.02734 0.98916 0.01123 0.98699 0.02002 0.97688 0.01562 0.95448 0.02393 0.93642 0.01611 0.92775 0.01074 0.89957 0.00342 0.84249 0.00439 0.80780 0.02002 0.83092 0.00879 0.80419
