0 0.88770 0.24928 0.87988 0.24928 0.86621 0.23916 0.85791 0.22543 0.85303 0.20809 0.85596 0.18497 0.86182 0.17630 0.86475 0.16763 0.87207 0.15968 0.87988 0.16257 0.88330 0.16763 0.88623 0.17919 0.89648 0.19003 0.90479 0.20520 0.90479 0.22832 0.89746 0.24205 0.88770 0.24928
0 0.60156 0.10766 0.59277 0.10766 0.57812 0.09899 0.56738 0.10332 0.56396 0.09827 0.56299 0.08960 0.56787 0.07514 0.56885 0.06503 0.57324 0.05708 0.58203 0.04986 0.59375 0.04697 0.60156 0.04986 0.60889 0.05780 0.61084 0.06358 0.61084 0.08382 0.60791 0.09393 0.60791 0.09971 0.60547 0.10477 0.60156 0.10766
0 0.70898 0.08454 0.70605 0.08454 0.70215 0.08020 0.69629 0.08020 0.69238 0.08309 0.68457 0.08020 0.67725 0.07081 0.67676 0.06720 0.67432 0.06647 0.67383 0.06286 0.66748 0.06214 0.66748 0.05202 0.67773 0.03829 0.68066 0.03685 0.69141 0.03685 0.70215 0.04263 0.70654 0.04769 0.71045 0.05636 0.71240 0.06647 0.71143 0.08237 0.70898 0.08454
0 0.55273 0.64957 0.54590 0.64668 0.53564 0.63150 0.53271 0.61561 0.53467 0.59971 0.54053 0.58526 0.55371 0.57009 0.56250 0.56575 0.57324 0.56720 0.57715 0.57009 0.58350 0.58092 0.58447 0.59104 0.58252 0.60405 0.58057 0.60983 0.57227 0.62211 0.55420 0.64451 0.55273 0.64957
0 0.50098 0.46315 0.49414 0.46026 0.49219 0.45592 0.48438 0.45014 0.47656 0.45014 0.46924 0.43786 0.46826 0.41329 0.47119 0.40173 0.47363 0.39812 0.48242 0.39379 0.49121 0.39523 0.49512 0.39812 0.50146 0.41040 0.51025 0.44509 0.50537 0.45809 0.50098 0.46315
0 0.46094 0.51373 0.45752 0.51012 0.45166 0.49277 0.45166 0.47254 0.45459 0.46387 0.45996 0.45737 0.46582 0.45303 0.47266 0.45303 0.48486 0.46387 0.48877 0.47254 0.49170 0.48699 0.47656 0.48483 0.46729 0.49422 0.46729 0.49855 0.46533 0.50145 0.46631 0.50578 0.46436 0.51156 0.46094 0.51373
0 0.42285 0.58743 0.41895 0.58598 0.40771 0.57225 0.40479 0.55636 0.40674 0.55058 0.41553 0.53468 0.42578 0.52240 0.43164 0.51951 0.44336 0.51951 0.44922 0.52384 0.45654 0.54046 0.45459 0.55491 0.45752 0.56358 0.45410 0.56864 0.44531 0.57009 0.43945 0.57731 0.42285 0.58743
0 0.38770 0.67702 0.37793 0.67558 0.37207 0.67124 0.36670 0.66040 0.36572 0.64306 0.37451 0.61705 0.37891 0.60910 0.38281 0.60621 0.39258 0.60621 0.41113 0.61199 0.42334 0.63006 0.42432 0.64451 0.42236 0.65173 0.41846 0.66040 0.41113 0.66835 0.40430 0.67269 0.38770 0.67702
0 0.50879 0.65101 0.49805 0.64957 0.49365 0.64451 0.48779 0.63150 0.48779 0.62283 0.49463 0.60405 0.49561 0.59682 0.49951 0.58815 0.50684 0.57731 0.51074 0.57442 0.51855 0.57298 0.53320 0.57587 0.53662 0.58237 0.53662 0.59104 0.53174 0.60549 0.52979 0.62139 0.52490 0.62861 0.52686 0.63295 0.52686 0.64017 0.50879 0.65101
0 0.51660 0.56142 0.51172 0.56142 0.50488 0.55708 0.49463 0.54480 0.48682 0.53035 0.48682 0.52457 0.48389 0.51590 0.47998 0.51445 0.48193 0.50867 0.47510 0.50289 0.47803 0.49855 0.47754 0.49639 0.47412 0.49566 0.47559 0.49350 0.48193 0.49711 0.48486 0.50289 0.48242 0.50650 0.48730 0.50506 0.48779 0.49566 0.48584 0.49422 0.48730 0.48194 0.49316 0.48916 0.50879 0.49639 0.51318 0.50289 0.51416 0.50867 0.52100 0.52168 0.52490 0.53468 0.52295 0.55202 0.51660 0.56142
0 0.33008 0.89090 0.32422 0.89090 0.32031 0.88801 0.31689 0.88150 0.31299 0.86994 0.31299 0.85116 0.31689 0.83092 0.31982 0.82370 0.33301 0.81142 0.33984 0.80997 0.34375 0.81286 0.35303 0.82659 0.35498 0.83382 0.35498 0.84971 0.35693 0.85260 0.34619 0.87861 0.34082 0.88656 0.33008 0.89090
0 0.17090 0.35766 0.16602 0.35621 0.15234 0.33598 0.14111 0.32514 0.14014 0.31358 0.14209 0.30347 0.14551 0.29552 0.15234 0.28829 0.16699 0.28829 0.17383 0.29841 0.18311 0.30636 0.18994 0.32370 0.18994 0.32948 0.18604 0.34538 0.18164 0.35188 0.17090 0.35766
0 0.19629 0.97471 0.18848 0.97471 0.18164 0.97038 0.16846 0.94364 0.16211 0.93858 0.15576 0.92919 0.15967 0.90318 0.15820 0.88801 0.16504 0.88656 0.17090 0.88223 0.17969 0.88223 0.18555 0.88512 0.19189 0.89451 0.20654 0.93208 0.20850 0.95665 0.20557 0.96532 0.20117 0.97182 0.19629 0.97471
0 0.34668 0.99494 0.34277 0.99494 0.33594 0.99061 0.32520 0.99205 0.31982 0.98555 0.32080 0.96821 0.32471 0.95665 0.32812 0.95159 0.33496 0.94725 0.34668 0.94581 0.35840 0.95159 0.36572 0.96098 0.36670 0.97254 0.36475 0.97688 0.36035 0.98194 0.35449 0.98483 0.34961 0.99350 0.34668 0.99494
0 0.99902 0.97471 0.85645 0.99350 0.75488 0.99639 0.55566 0.97471 0.52393 0.95665 0.53467 0.89884 0.52246 0.86199 0.47461 0.90824 0.45557 0.92630 0.42090 0.89523 0.39209 0.91763 0.32275 0.96387 0.29688 0.97471 0.30273 0.91546 0.35547 0.88078 0.40332 0.88801 0.41797 0.86777 0.44141 0.83309 0.42236 0.78468 0.41113 0.82298 0.39844 0.79263 0.32568 0.81069 0.27832 0.87789 0.30762 0.79841 0.28467 0.77601 0.31543 0.74350 0.32959 0.70665 0.35596 0.68786 0.34375 0.63801 0.36426 0.57442 0.36963 0.65607 0.45703 0.65824 0.51514 0.66040 0.54053 0.70520 0.58545 0.64884 0.58789 0.59610 0.65234 0.54697 0.64111 0.47399 0.66064 0.38150 0.66797 0.33454 0.70361 0.31792 0.72412 0.32081 0.73291 0.34249 0.77148 0.36633 0.81250 0.32153 0.80859 0.29263 0.83350 0.27890 0.88623 0.27890 0.85107 0.25867 0.84180 0.20303 0.89209 0.14162 0.89502 0.18064 0.89746 0.24783 0.93164 0.24350 0.92090 0.29263 0.96533 0.35549 0.98340 0.40679 0.99365 0.55058 0.97998 0.65751 0.99561 0.80636 0.99463 0.93064
0 0.65137 0.26662 0.64062 0.26228 0.63232 0.25723 0.62012 0.25217 0.61475 0.23988 0.61719 0.21893 0.63428 0.21387 0.62842 0.19653 0.63037 0.17486 0.64062 0.16980 0.65283 0.16040 0.65576 0.15173 0.64990 0.13295 0.64355 0.12211 0.65088 0.11994 0.64746 0.11922 0.64600 0.10983 0.64062 0.10043 0.63721 0.11127 0.63379 0.10043 0.62793 0.09899 0.61865 0.09682 0.62695 0.09465 0.63525 0.08671 0.63428 0.07659 0.63135 0.06503 0.63232 0.05925 0.63867 0.05708 0.64844 0.05997 0.65381 0.06647 0.65283 0.07948 0.65234 0.08309 0.65527 0.09176 0.66797 0.08020 0.68262 0.07298 0.69189 0.08960 0.69189 0.10983 0.69434 0.11922 0.70801 0.12355 0.71777 0.12789 0.72656 0.13512 0.73242 0.14090 0.73535 0.14234 0.74121 0.14668 0.74707 0.15390 0.75244 0.15751 0.74707 0.15679 0.74268 0.16329 0.74707 0.16257 0.75146 0.16618 0.74414 0.17124 0.73584 0.19509 0.74072 0.21532 0.73975 0.22977 0.73438 0.23483 0.71973 0.23627 0.70605 0.24350 0.70459 0.25145 0.68555 0.26228 0.67773 0.25217 0.66016 0.25939
0 0.66113 0.28540 0.62939 0.26301 0.61914 0.24639 0.62891 0.22038 0.62842 0.18353 0.65039 0.16691 0.66650 0.17486 0.68799 0.17919 0.69775 0.17341 0.70215 0.19436 0.72510 0.19798 0.71191 0.17558 0.72363 0.17269 0.73047 0.15246 0.72900 0.16329 0.75098 0.17124 0.74170 0.15896 0.74854 0.14884 0.73340 0.13367 0.73975 0.12428 0.75098 0.11199 0.75342 0.11561 0.75830 0.09827 0.76318 0.08237 0.78662 0.08526 0.78857 0.06792 0.78613 0.05708 0.78174 0.05491 0.78613 0.04697 0.80029 0.05202 0.79590 0.05708 0.80859 0.04841 0.81592 0.06214 0.82031 0.04263 0.83350 0.02023 0.84473 0.03251 0.85498 0.03613 0.86816 0.03540 0.87744 0.03757 0.88867 0.04263 0.89258 0.05708 0.88135 0.06214 0.87646 0.08526 0.87598 0.11633 0.86621 0.13656 0.84277 0.12355 0.83984 0.14090 0.84717 0.14017 0.86816 0.14234 0.87842 0.15607 0.87207 0.15968 0.85498 0.18931 0.84863 0.21315 0.82910 0.19147 0.80908 0.20231 0.79541 0.19653 0.78711 0.20737 0.78760 0.21243 0.76123 0.22543 0.76562 0.21893 0.77930 0.23916 0.76758 0.24494 0.75098 0.24205 0.72656 0.24639 0.70654 0.25867 0.68164 0.25939 0.67480 0.28251 0.66553 0.26590 0.66260 0.28324
0 0.15918 0.38801 0.14551 0.37789 0.13086 0.36199 0.12305 0.34176 0.11865 0.31503 0.10840 0.30853 0.10400 0.28324 0.11035 0.26806 0.11914 0.24494 0.11230 0.21171 0.10059 0.20737 0.10889 0.22543 0.10400 0.22543 0.08105 0.21460 0.08447 0.19798 0.09082 0.18280 0.10059 0.16546 0.10938 0.13801 0.11963 0.11994 0.10840 0.08309 0.09766 0.06286 0.11670 0.06503 0.13574 0.07153 0.15869 0.08092 0.17871 0.07009 0.18066 0.08887 0.18457 0.09610 0.19775 0.10549 0.19873 0.13439 0.21826 0.13295 0.20996 0.12645 0.22559 0.12211 0.22656 0.15101 0.21924 0.16763 0.21191 0.15679 0.20020 0.14668 0.19678 0.15896 0.19287 0.14451 0.18896 0.13584 0.17432 0.15029 0.19092 0.17197 0.18604 0.19509 0.19287 0.23121 0.20166 0.22832 0.20459 0.25289 0.22363 0.25506 0.23730 0.25217 0.25293 0.26517 0.26123 0.28179 0.26855 0.29986 0.27686 0.29046 0.25488 0.29552 0.23730 0.31864 0.23730 0.28540 0.23730 0.27818 0.23242 0.26951 0.21240 0.28613 0.21045 0.29913 0.20459 0.31214 0.20215 0.35332 0.20703 0.36488 0.18457 0.37066 0.17480 0.37645 0.16016 0.37645
0 0.00000 0.49783 0.01025 0.46965 0.02002 0.43642 0.03564 0.41329 0.06152 0.39812 0.09570 0.40101 0.10547 0.39234 0.12061 0.39306 0.10840 0.42124 0.11670 0.46243 0.13232 0.50145 0.15381 0.47688 0.14404 0.46387 0.14062 0.43425 0.14502 0.39306 0.14160 0.37355 0.16260 0.39017 0.15967 0.40318 0.17236 0.41618 0.17480 0.42847 0.15967 0.44075 0.18262 0.44581 0.16943 0.44942 0.15967 0.48844 0.17871 0.49350 0.16748 0.47399 0.16797 0.45882 0.19238 0.46893 0.20654 0.48699 0.22510 0.49566 0.20996 0.50072 0.21680 0.53107 0.21631 0.55636 0.21484 0.57731 0.22461 0.58887 0.21240 0.59393 0.20801 0.59321 0.20215 0.56286 0.17871 0.55853 0.18018 0.58671 0.18848 0.60910 0.18066 0.61344 0.16602 0.62645 0.14551 0.63945 0.15723 0.64812 0.17627 0.65173 0.16650 0.66474 0.15088 0.66040 0.13818 0.64595 0.12305 0.61199 0.10938 0.63223 0.10059 0.63223 0.08154 0.63728 0.08008 0.65390 0.08057 0.66474 0.07959 0.67919 0.06055 0.67991 0.05029 0.71387 0.03174 0.73699 0.00342 0.72688
0 0.26855 0.99350 0.22510 0.95376 0.20752 0.86705 0.17188 0.84321 0.14453 0.88656 0.13525 0.86416 0.15039 0.82442 0.18359 0.79408 0.18164 0.76951 0.17871 0.72760 0.16943 0.69653 0.15576 0.69509 0.17090 0.66546 0.15283 0.68064 0.14844 0.66980 0.13135 0.64451 0.12305 0.64812 0.14844 0.61633 0.13477 0.58887 0.12158 0.58960 0.14844 0.54697 0.16846 0.55202 0.14258 0.53251 0.16797 0.49494 0.15576 0.45954 0.15869 0.40896 0.15527 0.36777 0.14600 0.34104 0.15039 0.36488 0.16943 0.39017 0.18555 0.44003 0.18750 0.46604 0.21436 0.47688 0.22363 0.44725 0.22656 0.41980 0.20117 0.43136 0.22070 0.40390 0.25781 0.37355 0.27588 0.37139 0.28760 0.42630 0.28271 0.44798 0.26123 0.45954 0.26367 0.46893 0.28760 0.47543 0.30762 0.51951 0.31445 0.53251 0.30322 0.54480 0.29834 0.57225 0.29590 0.59899 0.30029 0.60694 0.31055 0.61633 0.31396 0.63728 0.32861 0.71676 0.33301 0.75506 0.34717 0.79480 0.34326 0.80347 0.31396 0.86850 0.35352 0.88078 0.34570 0.90246 0.33105 0.92413 0.29590 0.99205
0 0.35547 0.52240 0.33691 0.50795 0.32910 0.48483 0.31836 0.47327 0.31592 0.46676 0.30566 0.46893 0.31201 0.45231 0.32031 0.43858 0.31494 0.42630 0.30176 0.43425 0.29150 0.44220 0.28418 0.44725 0.27832 0.43858 0.27979 0.41908 0.29736 0.40462 0.28223 0.40535 0.26758 0.40679 0.25635 0.39740 0.26318 0.35983 0.27051 0.35043 0.27930 0.34321 0.29443 0.34682 0.27734 0.32587 0.28613 0.32153 0.27148 0.29986 0.29004 0.28685 0.29297 0.28396 0.29297 0.27384 0.28320 0.24928 0.30859 0.22327 0.33252 0.21676 0.33496 0.20303 0.34863 0.19725 0.36475 0.21098 0.38232 0.18931 0.41162 0.20231 0.42529 0.21243 0.45312 0.23483 0.48340 0.23049 0.51562 0.22760 0.51758 0.24639 0.51270 0.26951 0.52637 0.29408 0.50781 0.26228 0.49365 0.27890 0.48486 0.30202 0.48633 0.31575 0.49756 0.34538 0.49365 0.36994 0.48730 0.38223 0.48242 0.39090 0.46533 0.42197 0.46826 0.44798 0.45117 0.44147 0.45508 0.43136 0.43701 0.44509 0.42090 0.42413 0.41846 0.45231 0.39648 0.45592 0.37793 0.47616 0.36377 0.47110 0.35742 0.48483 0.34619 0.49277 0.35986 0.50867
0 0.07129 0.93425 0.06787 0.92197 0.06592 0.90607 0.06689 0.89162 0.06543 0.88656 0.05811 0.88295 0.05664 0.86922 0.05127 0.86127 0.05615 0.83526 0.07031 0.83309 0.07861 0.81936 0.07422 0.81720 0.08057 0.81069 0.07861 0.80347 0.07422 0.79118 0.06738 0.78829 0.06152 0.79263 0.06055 0.79552 0.05371 0.79697 0.04297 0.79263 0.03906 0.79986 0.03467 0.78468 0.03564 0.75867 0.03662 0.73699 0.04443 0.71821 0.04150 0.71243 0.04443 0.70231 0.04541 0.68642 0.06152 0.67269 0.07275 0.65173 0.07812 0.66402 0.08447 0.64884 0.08350 0.64017 0.08496 0.62645 0.09277 0.63078 0.08740 0.63439 0.09180 0.64234 0.09033 0.63728 0.09619 0.62717 0.09912 0.63150 0.09912 0.63439 0.09033 0.64884 0.09424 0.66185 0.10107 0.66908 0.10693 0.67630 0.10693 0.68208 0.10498 0.69509 0.10596 0.70231 0.09473 0.70882 0.09619 0.72399 0.09424 0.72832 0.09863 0.74350 0.10547 0.74494 0.11230 0.74494 0.11865 0.75578 0.12207 0.75506 0.12793 0.75072 0.13232 0.75723 0.13135 0.76301 0.13135 0.77168 0.13232 0.78035 0.14014 0.78035 0.14111 0.77312 0.13965 0.75795 0.14307 0.77601 0.15283 0.78468 0.15869 0.80202 0.15283 0.79913 0.14746 0.78540 0.13672 0.78829 0.13135 0.80347 0.13037 0.81069 0.12744 0.82225 0.12305 0.82876 0.10791 0.85694 0.09961 0.88078 0.08594 0.88512 0.07861 0.88873 0.07666 0.92197 0.07129 0.93425
0 0.36914 0.68280 0.35010 0.63728 0.35254 0.66257 0.33789 0.62500 0.33105 0.59754 0.34473 0.59899 0.34033 0.57514 0.32959 0.55202 0.33643 0.51734 0.31494 0.47832 0.30518 0.45520 0.32178 0.44220 0.30518 0.43497 0.29150 0.41329 0.27490 0.41040 0.25244 0.38873 0.25439 0.33815 0.27100 0.34682 0.27832 0.30275 0.26123 0.28035 0.26855 0.24928 0.25781 0.23194 0.26611 0.18931 0.27100 0.17341 0.28125 0.15246 0.29053 0.09827 0.29102 0.05708 0.31885 0.07225 0.33252 0.06936 0.36377 0.05925 0.37988 0.09032 0.39551 0.09176 0.41699 0.11633 0.43848 0.12066 0.44141 0.18425 0.48145 0.14090 0.46045 0.18931 0.47461 0.21604 0.49707 0.23049 0.50879 0.22905 0.50391 0.24639 0.50586 0.25361 0.47754 0.24783 0.45117 0.26806 0.44922 0.28685 0.45605 0.31286 0.42969 0.29697 0.42529 0.33237 0.41992 0.35766 0.40137 0.35766 0.39893 0.39306 0.38721 0.41329 0.37305 0.40535 0.37744 0.44075 0.38232 0.45954 0.38867 0.48772 0.36426 0.50795 0.37109 0.51662 0.38135 0.51012 0.41406 0.50795 0.40967 0.54046 0.39990 0.58671 0.43018 0.59827 0.37695 0.60332 0.36279 0.66763
