0 0.64160 0.27673 0.63086 0.27673 0.61328 0.26662 0.60791 0.25723 0.60498 0.24566 0.60596 0.21098 0.61475 0.17341 0.62549 0.14884 0.63965 0.13512 0.64355 0.13512 0.65137 0.14234 0.65723 0.14379 0.65967 0.14740 0.66260 0.15318 0.66553 0.17486 0.66943 0.18931 0.66553 0.21821 0.66455 0.24566 0.65137 0.27095 0.64160 0.27673
0 0.87988 0.69147 0.87402 0.69147 0.86035 0.68569 0.84668 0.67269 0.83887 0.66980 0.83643 0.66618 0.83838 0.66040 0.83740 0.65607 0.84131 0.64306 0.84326 0.61561 0.83350 0.60260 0.83252 0.58815 0.84082 0.57587 0.84863 0.57298 0.86426 0.57298 0.87891 0.58020 0.88818 0.58960 0.90186 0.61994 0.90576 0.64162 0.90479 0.66185 0.89795 0.67775 0.89258 0.68569 0.87988 0.69147
0 0.95215 0.69581 0.94238 0.69436 0.93848 0.69147 0.92920 0.67341 0.92432 0.66763 0.92432 0.66474 0.91064 0.64451 0.90576 0.63295 0.89990 0.60983 0.89893 0.59538 0.90234 0.59032 0.91504 0.58020 0.93164 0.58020 0.93945 0.57731 0.94873 0.58815 0.95361 0.59971 0.96826 0.62283 0.97314 0.64162 0.97217 0.66329 0.96533 0.67919 0.96436 0.68497 0.95996 0.69147 0.95215 0.69581
0 0.73828 0.51662 0.71973 0.51662 0.71191 0.51373 0.69727 0.50361 0.69385 0.49855 0.69189 0.48699 0.69189 0.46387 0.69287 0.45520 0.69922 0.44147 0.70898 0.43714 0.71777 0.42991 0.73047 0.42847 0.74121 0.43425 0.74658 0.44220 0.75244 0.45809 0.75342 0.46532 0.75244 0.49422 0.74951 0.50434 0.74316 0.51373 0.73828 0.51662
0 0.75488 0.44870 0.75293 0.44870 0.74854 0.44220 0.74658 0.43353 0.74219 0.42702 0.73633 0.42413 0.73193 0.41618 0.73291 0.39740 0.73096 0.39017 0.72998 0.37283 0.73291 0.35983 0.73291 0.34827 0.73486 0.34538 0.73389 0.33960 0.74121 0.33454 0.74414 0.33454 0.74658 0.34393 0.75391 0.35188 0.77441 0.36488 0.78271 0.37861 0.78564 0.39306 0.78467 0.40751 0.77393 0.42775 0.76465 0.44003 0.75488 0.44870
0 0.89062 0.59032 0.88672 0.58887 0.87988 0.58020 0.87598 0.58020 0.85938 0.57153 0.84766 0.57298 0.83691 0.57876 0.83105 0.57876 0.82373 0.57081 0.82471 0.56647 0.82275 0.55491 0.82471 0.55202 0.82471 0.53324 0.82666 0.53035 0.82666 0.52312 0.83154 0.51445 0.82764 0.50289 0.83057 0.50000 0.83105 0.49350 0.83301 0.49639 0.83594 0.49639 0.83691 0.49928 0.83838 0.49855 0.83643 0.49422 0.84229 0.47977 0.84229 0.47110 0.84863 0.46604 0.85205 0.46676 0.85498 0.45231 0.85693 0.45087 0.85693 0.44509 0.86035 0.44003 0.86523 0.44003 0.87061 0.44509 0.87061 0.44942 0.87354 0.45520 0.87451 0.48266 0.87793 0.49061 0.89111 0.50723 0.89795 0.53179 0.89795 0.54191 0.89404 0.56358 0.89404 0.57948 0.89062 0.59032
0 0.80664 0.81142 0.79980 0.81142 0.79736 0.80636 0.79541 0.79480 0.79932 0.78324 0.79834 0.76590 0.80225 0.75578 0.80225 0.74855 0.80859 0.73338 0.81641 0.73049 0.82129 0.72616 0.83252 0.70520 0.83594 0.70303 0.84766 0.71171 0.86865 0.73699 0.87549 0.76012 0.87354 0.78902 0.86914 0.79697 0.85449 0.80564 0.82520 0.80419 0.80664 0.81142
0 0.80762 0.73049 0.79590 0.73049 0.77930 0.72182 0.76611 0.70376 0.75537 0.68208 0.75439 0.67486 0.75049 0.66763 0.75244 0.66474 0.75732 0.64306 0.76855 0.62934 0.78027 0.62355 0.79492 0.62500 0.80566 0.63512 0.81738 0.65246 0.82861 0.66474 0.83154 0.67919 0.83154 0.69653 0.82959 0.70665 0.82129 0.72327 0.81641 0.72760 0.80762 0.73049
0 0.60547 0.20014 0.59961 0.19436 0.59375 0.19436 0.59180 0.19870 0.58496 0.19581 0.57080 0.17486 0.56494 0.15607 0.56592 0.12139 0.58398 0.09610 0.58887 0.09176 0.59961 0.08743 0.61816 0.08743 0.62500 0.09176 0.63232 0.10260 0.63721 0.11705 0.63721 0.12428 0.62744 0.14017 0.62061 0.15751 0.61084 0.17197 0.61084 0.17919 0.60742 0.18569 0.60498 0.18642 0.60547 0.20014
0 0.64062 0.11633 0.63721 0.11416 0.63330 0.10116 0.62402 0.08887 0.61133 0.08598 0.58789 0.08887 0.58252 0.08237 0.57861 0.07081 0.57520 0.06575 0.56396 0.05636 0.56494 0.04335 0.57324 0.03396 0.57812 0.03685 0.58203 0.03251 0.59277 0.03974 0.59570 0.03974 0.59717 0.03613 0.58105 0.01517 0.57568 0.01301 0.57568 0.01012 0.57910 0.00506 0.59375 0.00217 0.61523 0.00217 0.62988 0.01228 0.63428 0.01879 0.64697 0.05636 0.64600 0.09249 0.64062 0.11633
0 0.52344 0.54263 0.51758 0.54263 0.50488 0.53540 0.49170 0.51734 0.49072 0.51301 0.48877 0.48266 0.49268 0.47543 0.49365 0.46532 0.49707 0.45882 0.51367 0.44581 0.52148 0.44581 0.53711 0.45737 0.54346 0.46821 0.55029 0.49566 0.55029 0.51156 0.54834 0.52457 0.53613 0.53540 0.52344 0.54263
0 0.69336 0.72327 0.68848 0.72327 0.68066 0.71604 0.67041 0.70231 0.66846 0.69653 0.66748 0.67486 0.66846 0.66040 0.67139 0.65318 0.67139 0.64884 0.68311 0.63295 0.68848 0.62211 0.69922 0.61633 0.70703 0.60766 0.71875 0.60910 0.73438 0.61777 0.73877 0.62572 0.73877 0.63006 0.74170 0.63295 0.74170 0.66040 0.71973 0.70737 0.71094 0.71460 0.69336 0.72327
0 0.69824 0.87211 0.69336 0.87211 0.68994 0.86850 0.68994 0.85549 0.68604 0.84393 0.68213 0.83815 0.67725 0.80925 0.67432 0.80636 0.67334 0.79913 0.66748 0.79191 0.66943 0.78324 0.66846 0.77890 0.67139 0.77601 0.66748 0.77312 0.66943 0.76879 0.66650 0.76445 0.66797 0.75939 0.67676 0.76951 0.68066 0.77095 0.68164 0.77384 0.68701 0.75867 0.69043 0.75361 0.69531 0.75361 0.70215 0.76373 0.70898 0.76517 0.71289 0.76806 0.71533 0.77312 0.71826 0.80925 0.72705 0.82370 0.72900 0.83092 0.72754 0.83454 0.71729 0.84104 0.71631 0.85260 0.71289 0.86199 0.69824 0.87211
0 0.58008 0.74494 0.56543 0.74350 0.55469 0.73627 0.54932 0.72832 0.54443 0.71098 0.54443 0.68931 0.55225 0.65607 0.55322 0.64451 0.55713 0.63295 0.56445 0.62211 0.57031 0.61777 0.57715 0.61488 0.58984 0.61488 0.59473 0.61777 0.60400 0.63150 0.61084 0.65607 0.61084 0.66329 0.60693 0.67775 0.60303 0.70954 0.59912 0.72254 0.58789 0.73916 0.58008 0.74494
0 0.61133 0.76084 0.60059 0.76084 0.59473 0.75795 0.58545 0.74566 0.58545 0.74277 0.59912 0.72254 0.60303 0.70954 0.60986 0.66329 0.61328 0.66113 0.62744 0.67919 0.63818 0.70231 0.63916 0.73410 0.63086 0.75072 0.61133 0.76084
0 0.60645 0.84032 0.60059 0.84032 0.59082 0.83454 0.58252 0.82225 0.58057 0.81069 0.58057 0.78757 0.58252 0.77457 0.58643 0.76445 0.59082 0.75939 0.61035 0.76084 0.62500 0.75506 0.62891 0.75217 0.63965 0.73338 0.64893 0.74566 0.65088 0.75289 0.65088 0.76590 0.64600 0.78757 0.63916 0.80491 0.62109 0.83454 0.60645 0.84032
0 0.56641 0.80997 0.55957 0.80997 0.54980 0.80564 0.53223 0.80419 0.52197 0.79335 0.52002 0.78757 0.52002 0.76734 0.52393 0.75578 0.53027 0.74494 0.53711 0.73916 0.54395 0.73772 0.56055 0.74061 0.56543 0.74494 0.57324 0.74494 0.57666 0.74711 0.57666 0.77312 0.56885 0.80636 0.56641 0.80997
0 0.45410 0.36199 0.44434 0.36199 0.42529 0.34104 0.42041 0.32514 0.42139 0.32081 0.41943 0.31503 0.41846 0.30202 0.41064 0.29046 0.40674 0.26445 0.40771 0.25289 0.41064 0.23988 0.42090 0.22616 0.43164 0.22905 0.44531 0.22905 0.45801 0.23916 0.46436 0.26734 0.47119 0.27890 0.47412 0.28757 0.47803 0.30925 0.47803 0.32514 0.47607 0.33815 0.47314 0.34682 0.46777 0.35477 0.45410 0.36199
0 0.36133 0.17413 0.35742 0.17413 0.35596 0.17052 0.37305 0.14668 0.37891 0.14523 0.38965 0.13367 0.40381 0.12428 0.40186 0.10983 0.40186 0.09393 0.41455 0.06503 0.41797 0.05130 0.42480 0.04986 0.43066 0.04408 0.44238 0.04408 0.44922 0.04552 0.45703 0.05130 0.46436 0.06069 0.47021 0.07803 0.47119 0.09971 0.46729 0.11416 0.45166 0.14017 0.45166 0.14451 0.44922 0.14812 0.44238 0.14668 0.42773 0.15246 0.42090 0.15246 0.40820 0.14379 0.39746 0.14523 0.38574 0.15101 0.38281 0.15535 0.37109 0.16402 0.36621 0.17124 0.36133 0.17413
0 0.28613 0.12355 0.28271 0.11994 0.28174 0.10838 0.28369 0.09827 0.28076 0.09393 0.27979 0.07370 0.27588 0.06358 0.27588 0.04769 0.27783 0.04046 0.28613 0.02673 0.29297 0.02095 0.29883 0.01951 0.30664 0.02095 0.30957 0.02384 0.31641 0.02240 0.32227 0.02962 0.32812 0.02673 0.33057 0.03757 0.33301 0.03829 0.33447 0.03613 0.33545 0.04335 0.33057 0.04191 0.33301 0.04841 0.34277 0.04986 0.34863 0.04697 0.35303 0.05202 0.35400 0.05925 0.35107 0.07370 0.34180 0.08743 0.32129 0.10188 0.29980 0.10621 0.28613 0.12355
0 0.27344 0.20014 0.26807 0.19653 0.25830 0.17341 0.25342 0.17197 0.25244 0.16618 0.24365 0.15173 0.24072 0.14306 0.24268 0.12861 0.23975 0.12428 0.24170 0.11994 0.23584 0.11416 0.23584 0.10549 0.22998 0.09538 0.22998 0.08815 0.23242 0.08454 0.24121 0.08309 0.25293 0.07442 0.26465 0.08165 0.27490 0.09393 0.27490 0.09827 0.28467 0.12428 0.29053 0.15896 0.29248 0.18064 0.29053 0.18642 0.28516 0.19292 0.27344 0.20014
0 0.34180 0.54986 0.33594 0.54986 0.32031 0.54408 0.30762 0.52673 0.29199 0.51806 0.28662 0.50578 0.28857 0.49855 0.28857 0.48555 0.29053 0.48410 0.29053 0.47977 0.29590 0.47471 0.30371 0.46171 0.30762 0.46026 0.30811 0.45520 0.31104 0.45231 0.31592 0.43931 0.33008 0.42269 0.33398 0.42269 0.33545 0.42486 0.33838 0.43642 0.34814 0.46098 0.36328 0.47327 0.36768 0.48121 0.37158 0.49422 0.37158 0.50867 0.36377 0.52746 0.35645 0.53829 0.34180 0.54986
0 0.23828 0.94436 0.22559 0.94292 0.21143 0.92775 0.20850 0.92052 0.20557 0.90318 0.20752 0.88439 0.21436 0.87572 0.21680 0.86922 0.22070 0.86922 0.22266 0.86633 0.23145 0.86633 0.24023 0.86199 0.24512 0.85621 0.25488 0.85477 0.26367 0.84754 0.27832 0.84610 0.28711 0.85188 0.29346 0.86272 0.29639 0.87572 0.29639 0.88439 0.29346 0.89017 0.29346 0.89884 0.28662 0.91908 0.27832 0.93136 0.26660 0.93858 0.23828 0.94436
0 0.99902 0.01373 0.99463 0.11705 0.98730 0.31720 0.97168 0.36922 0.95996 0.38078 0.99023 0.38945 0.98730 0.46171 0.96143 0.50289 0.94385 0.57948 0.91357 0.63150 0.94678 0.69075 0.96875 0.64090 0.95605 0.60332 0.99316 0.65390 0.97021 0.69798 0.94922 0.71604 0.90967 0.73844 0.88330 0.77601 0.90674 0.79624 0.90625 0.87066 0.87549 0.84104 0.83105 0.82298 0.86621 0.80130 0.86621 0.74350 0.82422 0.65246 0.77686 0.72688 0.73193 0.72543 0.75195 0.79552 0.69531 0.72760 0.71875 0.60043 0.78516 0.60332 0.83398 0.61633 0.84033 0.63584 0.90039 0.64234 0.81738 0.58887 0.77783 0.56358 0.72119 0.54913 0.68018 0.63006 0.67188 0.71749 0.65039 0.72038 0.62158 0.62572 0.60156 0.53540 0.56641 0.56286 0.55859 0.49928 0.55127 0.47543 0.55811 0.34682 0.56738 0.24061 0.64062 0.28107 0.64941 0.14379 0.66895 0.06142 0.66748 0.04335 0.68848 0.09465 0.68799 0.15607 0.76025 0.12428 0.76221 0.09682 0.81152 0.11488 0.80518 0.06214 0.84180 0.04841 0.83594 0.02240 0.91406 0.00361 0.94043 0.04263 0.98340 0.00361
0 0.44629 0.36344 0.42432 0.35116 0.41846 0.32225 0.40430 0.30853 0.40283 0.28324 0.40527 0.25361 0.39844 0.28396 0.39600 0.26879 0.37549 0.25578 0.36865 0.25867 0.36523 0.25072 0.35986 0.26301 0.35303 0.27023 0.35059 0.28540 0.34131 0.27457 0.33496 0.26228 0.33350 0.25867 0.31689 0.24711 0.32715 0.20448 0.33838 0.20665 0.34668 0.19870 0.35352 0.21315 0.36328 0.21893 0.36768 0.19798 0.37695 0.17847 0.38867 0.17991 0.42041 0.15607 0.39844 0.14379 0.37793 0.15679 0.35938 0.17269 0.36621 0.15535 0.38525 0.14017 0.40723 0.13078 0.41992 0.12211 0.40283 0.10549 0.40723 0.08887 0.41943 0.08671 0.41064 0.07514 0.42432 0.04480 0.46387 0.06431 0.45947 0.08237 0.46143 0.10549 0.45312 0.12211 0.44775 0.13584 0.45605 0.13223 0.46338 0.14740 0.48145 0.14957 0.51025 0.14451 0.52100 0.15173 0.50391 0.17991 0.52148 0.18425 0.54443 0.17630 0.54736 0.16763 0.53613 0.19147 0.53174 0.20231 0.53271 0.22399 0.54639 0.24711 0.54248 0.26012 0.53613 0.25361 0.53174 0.27168 0.53711 0.29986 0.51758 0.28540 0.50684 0.29263 0.49414 0.29986 0.48486 0.28179 0.47461 0.28829 0.47852 0.29986 0.47900 0.31647 0.46582 0.35910
0 0.44629 0.68714 0.42725 0.65607 0.42920 0.64451 0.42871 0.62645 0.42480 0.63801 0.40576 0.61127 0.38916 0.59827 0.38574 0.59465 0.36816 0.59321 0.35840 0.59032 0.35693 0.57948 0.34814 0.56792 0.34961 0.56142 0.35107 0.54769 0.35693 0.53468 0.35840 0.52384 0.36084 0.54191 0.36084 0.55636 0.36328 0.56720 0.36572 0.55202 0.36670 0.53757 0.37305 0.52962 0.38232 0.52601 0.38721 0.50578 0.39502 0.48266 0.38867 0.49350 0.38330 0.48266 0.37500 0.46893 0.36963 0.46965 0.37451 0.46387 0.37842 0.45665 0.39648 0.42991 0.40967 0.41763 0.40283 0.37572 0.40332 0.36199 0.40430 0.35043 0.40674 0.34827 0.41650 0.33092 0.42139 0.33671 0.42432 0.35116 0.43604 0.35549 0.44189 0.37428 0.43848 0.38078 0.44775 0.38295 0.44238 0.38945 0.43555 0.38945 0.43555 0.40101 0.43994 0.40173 0.43994 0.41763 0.43994 0.42919 0.43994 0.44364 0.44287 0.45376 0.45068 0.41763 0.45703 0.43136 0.45996 0.43858 0.45312 0.44003 0.45996 0.44147 0.46533 0.46387 0.46533 0.48555 0.46338 0.50000 0.46338 0.51734 0.46729 0.52890 0.46143 0.54913 0.46045 0.56792 0.45850 0.57225 0.45361 0.59104 0.44238 0.59032 0.43945 0.60332 0.44238 0.60332 0.43799 0.61705 0.44971 0.61705 0.44971 0.62861 0.44531 0.64379 0.43799 0.64017 0.44043 0.66113 0.44531 0.64523 0.44629 0.68714
0 0.45312 0.36055 0.44531 0.36055 0.44629 0.35477 0.44238 0.35621 0.43457 0.34899 0.43018 0.34393 0.43115 0.34104 0.42432 0.33382 0.42236 0.31214 0.41748 0.29769 0.41846 0.29480 0.41650 0.29191 0.41650 0.28468 0.41260 0.27023 0.41064 0.26879 0.41162 0.26301 0.40967 0.26012 0.41064 0.25145 0.41553 0.24566 0.41650 0.23555 0.41846 0.23266 0.41748 0.22832 0.41992 0.22616 0.44434 0.23049 0.45605 0.23916 0.45850 0.24422 0.46240 0.26734 0.47119 0.28613 0.47119 0.29480 0.46924 0.29769 0.47021 0.30202 0.46631 0.30780 0.46729 0.31358 0.46533 0.31792 0.46533 0.32514 0.46875 0.32587 0.46973 0.31864 0.47119 0.32225 0.46924 0.32948 0.47070 0.33020 0.47266 0.32731 0.47412 0.32948 0.47119 0.33237 0.47412 0.33671 0.47021 0.34827 0.46680 0.35332 0.45898 0.35477 0.45312 0.36055
0 0.41797 0.97760 0.40723 0.97327 0.40723 0.96604 0.41162 0.96098 0.41016 0.95448 0.41406 0.95882 0.41797 0.95303 0.41455 0.94653 0.41943 0.93642 0.41699 0.92847 0.42480 0.92413 0.43018 0.91185 0.43164 0.89523 0.44336 0.89234 0.44482 0.91040 0.44775 0.91618 0.44727 0.92124 0.45459 0.91763 0.46094 0.91113 0.46289 0.91980 0.46973 0.92558 0.47754 0.92413 0.48486 0.91329 0.48486 0.90462 0.48584 0.89595 0.48975 0.89017 0.48877 0.89884 0.49707 0.90535 0.49365 0.89884 0.49658 0.89306 0.49170 0.88728 0.49023 0.88656 0.47998 0.88873 0.48047 0.89523 0.47266 0.89234 0.46436 0.88006 0.47119 0.87717 0.47363 0.86344 0.48584 0.86127 0.48730 0.83887 0.49170 0.84104 0.48877 0.84682 0.48877 0.85405 0.50244 0.85694 0.50439 0.88006 0.51172 0.89379 0.51123 0.88728 0.51172 0.90390 0.50879 0.90390 0.50781 0.90824 0.50146 0.91474 0.50244 0.92197 0.50488 0.92847 0.49707 0.93136 0.50049 0.92630 0.49072 0.93353 0.49805 0.94292 0.50049 0.94653 0.49561 0.94364 0.49268 0.94653 0.49414 0.95159 0.48340 0.94725 0.48486 0.94220 0.48779 0.93786 0.47656 0.92702 0.47705 0.93642 0.47266 0.94292 0.47461 0.94870 0.47119 0.94364 0.47119 0.93931 0.46973 0.93280 0.46289 0.93425 0.46143 0.94942 0.46045 0.95665 0.45605 0.97327 0.45020 0.97327 0.43799 0.96532 0.43604 0.95520 0.43555 0.94581 0.43408 0.95520 0.43359 0.95737 0.42773 0.96315 0.43213 0.95665 0.42578 0.95882 0.42627 0.96387 0.41797 0.96315 0.41846 0.96676
0 0.22266 0.78829 0.21289 0.77962 0.21045 0.76879 0.20508 0.75506 0.19971 0.74855 0.19238 0.73627 0.17139 0.71098 0.17383 0.68425 0.18799 0.68064 0.19824 0.66980 0.20605 0.66691 0.20605 0.65535 0.20752 0.64162 0.21045 0.61272 0.20020 0.61199 0.20703 0.59899 0.21094 0.60766 0.21582 0.59610 0.21289 0.58020 0.21143 0.57514 0.19629 0.58020 0.18018 0.57225 0.19336 0.55564 0.20020 0.55130 0.20264 0.53179 0.18408 0.50145 0.17725 0.47110 0.17529 0.45087 0.18604 0.42197 0.19482 0.39884 0.20654 0.37572 0.21533 0.37139 0.21973 0.38367 0.22559 0.37211 0.22656 0.37645 0.23340 0.38367 0.23730 0.37500 0.25098 0.38656 0.26709 0.38873 0.26855 0.40246 0.26123 0.40607 0.27002 0.41040 0.27002 0.42341 0.27344 0.44292 0.27051 0.45448 0.26758 0.45592 0.27393 0.46676 0.27197 0.47543 0.26611 0.49422 0.26855 0.50795 0.25098 0.50939 0.26025 0.52168 0.25781 0.52818 0.25342 0.53324 0.25098 0.53540 0.25293 0.54118 0.25049 0.55636 0.24854 0.58671 0.25098 0.59754 0.24658 0.60694 0.23779 0.60983 0.24561 0.61416 0.23975 0.62283 0.25098 0.62789 0.24170 0.61994 0.25098 0.61922 0.25537 0.61561 0.25928 0.62283 0.25635 0.64884 0.25781 0.65968 0.26465 0.65679 0.27979 0.67486 0.27002 0.68786 0.25879 0.71460 0.24805 0.71460 0.23730 0.73049 0.22510 0.74711 0.22998 0.77168
0 0.22949 0.35477 0.22656 0.34899 0.23047 0.34754 0.23877 0.31792 0.24463 0.30202 0.24170 0.28324 0.21777 0.26228 0.17480 0.27818 0.17090 0.25650 0.18848 0.23049 0.19287 0.22543 0.16699 0.21460 0.14648 0.21171 0.12451 0.21821 0.12305 0.24494 0.13135 0.27023 0.12305 0.26662 0.10303 0.26734 0.10107 0.25867 0.10840 0.24639 0.11279 0.24422 0.10400 0.23699 0.10303 0.22832 0.10303 0.21821 0.11182 0.22110 0.11328 0.23483 0.11768 0.21676 0.10547 0.20737 0.10791 0.19798 0.10498 0.17919 0.10596 0.16329 0.10107 0.15173 0.10596 0.13728 0.10986 0.14017 0.11377 0.16329 0.11475 0.15173 0.11914 0.14090 0.12598 0.14234 0.13965 0.13801 0.15332 0.13656 0.16406 0.14523 0.18604 0.14306 0.19482 0.14740 0.20068 0.15462 0.20898 0.16691 0.22656 0.16546 0.24023 0.17558 0.25000 0.17702 0.26807 0.19798 0.27930 0.21893 0.28320 0.22760 0.28613 0.24061 0.29395 0.24061 0.30127 0.25145 0.29541 0.25578 0.30127 0.26734 0.29639 0.27023 0.29980 0.27962 0.29443 0.28613 0.28906 0.28829 0.27393 0.30636 0.27002 0.31647 0.27051 0.33165 0.26172 0.32731 0.25098 0.33165 0.24121 0.32876 0.24023 0.34176 0.23975 0.34249
0 0.00977 0.39379 0.00635 0.38728 0.00439 0.38150 0.00537 0.37717 0.00537 0.35983 0.00342 0.30202 0.00342 0.29191 0.00439 0.23988 0.00732 0.22832 0.01318 0.22977 0.02441 0.22327 0.03857 0.22110 0.03955 0.21387 0.04102 0.20882 0.04297 0.21460 0.05566 0.20014 0.06738 0.19870 0.07227 0.18858 0.07812 0.17991 0.08252 0.18208 0.07666 0.17486 0.08008 0.17702 0.07959 0.17052 0.08350 0.16329 0.08887 0.16257 0.09326 0.17052 0.08936 0.17775 0.09717 0.18064 0.10107 0.16763 0.09717 0.16329 0.09717 0.15462 0.10254 0.14957 0.10205 0.15462 0.10107 0.16329 0.10693 0.17197 0.10547 0.17702 0.10254 0.17269 0.10400 0.18208 0.11230 0.18425 0.11914 0.18714 0.11914 0.19292 0.11475 0.18931 0.11768 0.20231 0.11719 0.20737 0.12305 0.20303 0.12695 0.19292 0.13037 0.20087 0.12695 0.21026 0.12158 0.21243 0.11914 0.24783 0.13135 0.25434 0.13232 0.27890 0.13428 0.29191 0.12207 0.29552 0.11133 0.29986 0.10400 0.30202 0.10303 0.30925 0.09863 0.31720 0.08643 0.30491 0.08789 0.29986 0.08350 0.30202 0.07764 0.27601 0.07275 0.28613 0.07422 0.29263 0.06836 0.28974 0.06396 0.29769 0.05664 0.30419 0.04102 0.32876 0.02246 0.34465 0.01709 0.34538 0.01416 0.35549 0.01318 0.36416 0.01123 0.37572 0.01514 0.37717 0.01318 0.38728 0.00977 0.39379
0 0.13379 0.65535 0.11914 0.64523 0.11572 0.63728 0.09912 0.63006 0.10596 0.62572 0.09912 0.61416 0.10840 0.60766 0.10449 0.59321 0.08789 0.58887 0.07812 0.58454 0.07471 0.56358 0.07178 0.53757 0.05273 0.52384 0.07129 0.52384 0.05859 0.50072 0.05225 0.49277 0.06104 0.48699 0.05664 0.46315 0.04346 0.44509 0.02246 0.42558 0.00830 0.40896 0.02148 0.39668 0.02197 0.38295 0.03516 0.39957 0.04297 0.40390 0.07031 0.40101 0.08984 0.39668 0.10693 0.39451 0.08350 0.38295 0.08789 0.37789 0.09668 0.35766 0.11035 0.34610 0.12109 0.31575 0.14014 0.30925 0.14502 0.29913 0.15430 0.28974 0.15918 0.30708 0.15283 0.33237 0.14844 0.33743 0.15723 0.33887 0.17090 0.35477 0.18213 0.36705 0.17383 0.37789 0.16846 0.38295 0.16846 0.39884 0.16943 0.42486 0.16016 0.41835 0.15381 0.44075 0.17188 0.46171 0.15723 0.47471 0.16113 0.48916 0.17041 0.49711 0.16699 0.53251 0.15723 0.53829 0.17334 0.54046 0.15869 0.54769 0.14502 0.56069 0.13623 0.54913 0.12500 0.53829 0.12061 0.56214 0.12061 0.58960 0.13672 0.59465 0.14062 0.57298 0.14697 0.59538 0.13965 0.61055 0.11670 0.60260 0.11670 0.61850 0.12305 0.64090 0.13379 0.64957
0 0.09961 0.88223 0.07227 0.86199 0.08350 0.84538 0.08301 0.82587 0.07275 0.80202 0.06592 0.80491 0.06738 0.77673 0.07031 0.74639 0.06592 0.74277 0.06787 0.71387 0.06885 0.68931 0.06494 0.64162 0.07178 0.60983 0.07178 0.57081 0.07471 0.54480 0.07568 0.51734 0.06201 0.50000 0.06396 0.48266 0.05322 0.46243 0.04834 0.44075 0.05664 0.42847 0.05176 0.41691 0.04395 0.41546 0.09814 0.40896 0.10889 0.41040 0.11377 0.42197 0.13037 0.44798 0.11768 0.47977 0.11963 0.49855 0.13672 0.49350 0.14844 0.48772 0.16846 0.48410 0.15430 0.45159 0.17725 0.47110 0.18896 0.50578 0.20361 0.52890 0.19287 0.53035 0.17676 0.53829 0.16406 0.51517 0.15527 0.52384 0.13818 0.51734 0.14893 0.52168 0.12988 0.53396 0.11670 0.53757 0.12061 0.57948 0.12451 0.56792 0.13672 0.58454 0.15039 0.58743 0.15234 0.60910 0.14990 0.64017 0.16357 0.67341 0.16553 0.66763 0.18457 0.68858 0.18311 0.71821 0.19092 0.73699 0.17725 0.76734 0.18164 0.77962 0.17725 0.79046 0.17969 0.80130 0.18408 0.81503 0.16699 0.82298 0.15820 0.82442 0.12988 0.84899 0.10840 0.85188 0.10547 0.87500
0 0.28223 0.99350 0.25195 0.98194 0.25391 0.97616 0.25977 0.95592 0.27246 0.95448 0.28174 0.93931 0.28662 0.93786 0.28613 0.91402 0.29590 0.91980 0.30859 0.92124 0.31543 0.93569 0.31787 0.92775 0.30420 0.91329 0.30078 0.91113 0.29150 0.90318 0.29736 0.88439 0.29346 0.85838 0.26465 0.84176 0.26270 0.83165 0.25049 0.83671 0.24805 0.82731 0.25098 0.81720 0.24463 0.79769 0.24219 0.78974 0.23877 0.78757 0.24268 0.77457 0.24121 0.76662 0.24854 0.75723 0.24268 0.74711 0.24268 0.73555 0.27197 0.69942 0.27783 0.67775 0.28125 0.66113 0.28467 0.65318 0.28955 0.67197 0.28809 0.68569 0.28516 0.70882 0.29980 0.71460 0.31396 0.72399 0.32520 0.73916 0.32812 0.75072 0.33643 0.74855 0.33789 0.76806 0.34229 0.79191 0.35449 0.80419 0.35889 0.78902 0.37451 0.78757 0.37500 0.80419 0.36670 0.81936 0.35986 0.81647 0.35303 0.81069 0.34180 0.81431 0.34180 0.82876 0.35107 0.83671 0.35547 0.85477 0.35107 0.87428 0.34424 0.86272 0.33496 0.85477 0.33936 0.87572 0.33594 0.89668 0.32617 0.90101 0.32178 0.92630 0.32471 0.94798 0.34473 0.95737 0.35010 0.94942 0.34863 0.96604 0.34033 0.96387 0.33203 0.97327 0.32129 0.98338 0.31348 0.98194 0.30078 0.97760 0.30078 0.98916
