0 0.55078 0.64379 0.53809 0.64379 0.52930 0.64090 0.51562 0.63078 0.51074 0.62934 0.49512 0.61633 0.48828 0.61344 0.47705 0.60260 0.47119 0.58092 0.46240 0.56503 0.46143 0.55636 0.46338 0.55202 0.46533 0.53468 0.47705 0.50434 0.48047 0.49928 0.49707 0.49350 0.51758 0.49205 0.53320 0.50650 0.54492 0.51228 0.55469 0.52673 0.56445 0.53396 0.57178 0.54480 0.58350 0.58382 0.58350 0.59827 0.58057 0.61705 0.57031 0.63801 0.55078 0.64379
0 0.33203 0.55708 0.30957 0.55130 0.30371 0.54697 0.29150 0.53035 0.28760 0.52168 0.28564 0.50723 0.28564 0.49711 0.29053 0.47688 0.30127 0.45520 0.31836 0.43136 0.32812 0.41980 0.34863 0.40390 0.35645 0.40101 0.38086 0.40101 0.39062 0.40679 0.40186 0.42197 0.40381 0.42775 0.40479 0.44364 0.40283 0.46243 0.38525 0.51301 0.38037 0.52312 0.37500 0.52962 0.36035 0.53829 0.34277 0.55275 0.33203 0.55708
0 0.42090 0.35477 0.40820 0.35477 0.39551 0.35043 0.38965 0.34754 0.38135 0.33671 0.37744 0.32225 0.37158 0.30925 0.37061 0.30202 0.37451 0.28324 0.37354 0.27601 0.39111 0.25000 0.40967 0.20954 0.41797 0.19725 0.43750 0.18425 0.44629 0.18425 0.45605 0.19147 0.46582 0.19292 0.47949 0.20448 0.48486 0.21532 0.48486 0.25145 0.47510 0.27312 0.47119 0.29769 0.46533 0.31069 0.46045 0.32803 0.45215 0.33454 0.44727 0.33454 0.44336 0.33743 0.43457 0.34899 0.42090 0.35477
0 0.25293 0.33020 0.23242 0.33020 0.20605 0.31864 0.19922 0.31864 0.18750 0.30708 0.17090 0.29986 0.16650 0.29335 0.15576 0.26879 0.14111 0.24711 0.14111 0.22399 0.14600 0.20231 0.15527 0.19147 0.16504 0.17558 0.17285 0.16980 0.18262 0.16980 0.19727 0.17558 0.20898 0.18569 0.22656 0.19581 0.24414 0.21171 0.25488 0.21749 0.26416 0.23266 0.26416 0.23699 0.27490 0.26012 0.27783 0.27168 0.27783 0.28757 0.27393 0.30491 0.26709 0.32081 0.26074 0.32731 0.25293 0.33020
0 0.11133 0.86344 0.09766 0.86344 0.08105 0.85477 0.04590 0.81142 0.02100 0.77168 0.01318 0.74855 0.01025 0.70809 0.01221 0.70231 0.02246 0.68858 0.04102 0.68280 0.05566 0.67413 0.06348 0.67413 0.08594 0.69003 0.10645 0.71893 0.12891 0.73772 0.13232 0.74277 0.13232 0.74566 0.13916 0.75723 0.14404 0.77457 0.14404 0.78757 0.14209 0.79335 0.14307 0.81358 0.13721 0.83526 0.13135 0.84827 0.11816 0.86055 0.11133 0.86344
0 0.43945 0.82298 0.42773 0.82298 0.41992 0.81864 0.40820 0.80997 0.40088 0.79913 0.37451 0.72688 0.36865 0.71821 0.36475 0.70809 0.36865 0.67630 0.37061 0.67341 0.37646 0.64740 0.37646 0.64017 0.37988 0.63078 0.38184 0.63078 0.38281 0.63367 0.38672 0.63223 0.38965 0.63512 0.40039 0.63367 0.40625 0.64523 0.40820 0.64523 0.41113 0.64957 0.41504 0.64812 0.41504 0.65390 0.41797 0.65246 0.42773 0.66980 0.44287 0.68497 0.44678 0.69509 0.44678 0.69942 0.44971 0.70231 0.44873 0.70665 0.45361 0.71387 0.45459 0.72110 0.45752 0.72543 0.45850 0.73988 0.46436 0.75578 0.46338 0.77312 0.45850 0.78757 0.45068 0.80347 0.44434 0.80853 0.43799 0.81792 0.43994 0.82081 0.43945 0.82298
0 0.48340 0.91257 0.47754 0.91257 0.46875 0.90824 0.45605 0.89812 0.45068 0.89017 0.44678 0.87861 0.44287 0.84971 0.44385 0.82803 0.45654 0.79480 0.46533 0.77746 0.47363 0.76662 0.48047 0.77095 0.48633 0.77095 0.48828 0.76806 0.49121 0.76806 0.49219 0.76373 0.50977 0.76373 0.52344 0.76951 0.54004 0.78540 0.54443 0.79624 0.54932 0.81792 0.54834 0.84393 0.53467 0.86272 0.52881 0.87861 0.52344 0.88801 0.50391 0.90246 0.48340 0.91257
0 0.76562 0.69870 0.74316 0.69725 0.73438 0.69292 0.71973 0.68136 0.70801 0.66691 0.69775 0.65029 0.69678 0.64017 0.69092 0.62717 0.69092 0.60983 0.67725 0.59827 0.67236 0.58526 0.67139 0.57225 0.67334 0.55780 0.67627 0.54913 0.68457 0.53540 0.69141 0.52818 0.69727 0.52384 0.70508 0.52384 0.71289 0.52818 0.72949 0.53251 0.76270 0.58020 0.76562 0.58165 0.77148 0.59176 0.77881 0.59971 0.78369 0.61416 0.78760 0.65318 0.78369 0.66185 0.78076 0.67630 0.77686 0.68642 0.77246 0.69436 0.76562 0.69870
0 0.60742 0.76662 0.60547 0.76662 0.60254 0.76228 0.59277 0.76517 0.58691 0.76084 0.57422 0.74639 0.56055 0.73483 0.55615 0.72832 0.54443 0.70087 0.54443 0.66474 0.54736 0.65607 0.55371 0.64812 0.56738 0.64379 0.57275 0.63728 0.58496 0.61488 0.59863 0.60766 0.60645 0.59610 0.61426 0.59321 0.63184 0.58020 0.64160 0.58020 0.65430 0.58598 0.65918 0.58598 0.67090 0.59465 0.68164 0.60910 0.68359 0.60910 0.68701 0.61705 0.68604 0.64017 0.69092 0.68497 0.68164 0.70014 0.65625 0.71171 0.62402 0.73916 0.61621 0.75506 0.61230 0.75072 0.60840 0.75072 0.60547 0.74783 0.59863 0.74783 0.59766 0.75361 0.60352 0.75795 0.60889 0.75723 0.60986 0.76445 0.60742 0.76662
0 0.33691 0.99783 0.31836 0.99783 0.31299 0.99422 0.31299 0.98410 0.31982 0.95665 0.33057 0.93353 0.33691 0.92413 0.34473 0.91980 0.36230 0.92124 0.38477 0.93280 0.39307 0.94220 0.39209 0.95087 0.38574 0.95882 0.37988 0.96171 0.37354 0.97110 0.36523 0.99639 0.33691 0.99783
0 0.81348 0.98483 0.81152 0.98194 0.80566 0.98194 0.80322 0.97977 0.79932 0.94509 0.79248 0.92919 0.79248 0.89884 0.79785 0.89090 0.81055 0.88367 0.83398 0.84899 0.85547 0.83020 0.87402 0.82442 0.87891 0.82587 0.88965 0.83598 0.90137 0.84032 0.91260 0.85838 0.92139 0.89451 0.91943 0.90462 0.91162 0.92197 0.90771 0.93642 0.90137 0.94581 0.89844 0.94581 0.89062 0.95159 0.87305 0.95303 0.86230 0.95882 0.85254 0.96026 0.85059 0.96315 0.84375 0.96460 0.83789 0.97182 0.83496 0.97182 0.83545 0.97543 0.83105 0.97905 0.82422 0.97905 0.82227 0.98194 0.81641 0.98194 0.81348 0.98483
0 0.69727 0.99350 0.68945 0.99061 0.68066 0.99061 0.66992 0.98338 0.66406 0.97471 0.64844 0.96171 0.64014 0.94220 0.64502 0.93786 0.64209 0.93353 0.64209 0.92630 0.64600 0.92341 0.64600 0.92052 0.64307 0.91763 0.64648 0.91691 0.64795 0.91185 0.64014 0.89884 0.63965 0.89234 0.63672 0.89090 0.63574 0.89379 0.62988 0.89668 0.62451 0.89017 0.62158 0.85694 0.62598 0.84754 0.64551 0.82731 0.66602 0.82731 0.68164 0.83887 0.68701 0.84682 0.68994 0.86127 0.69629 0.87066 0.69971 0.87283 0.69971 0.88006 0.69775 0.88150 0.69775 0.88439 0.70166 0.88584 0.70361 0.89306 0.70654 0.89451 0.70898 0.90390 0.71338 0.90318 0.71240 0.90607 0.71484 0.91113 0.72119 0.91040 0.72119 0.91474 0.72705 0.92052 0.73486 0.93497 0.73975 0.94942 0.74072 0.95809 0.73779 0.97543 0.72656 0.98916 0.71680 0.98772 0.71289 0.99205 0.69727 0.99350
0 0.86230 0.40824 0.85352 0.39523 0.83496 0.39812 0.81934 0.38945 0.79883 0.38656 0.78516 0.37211 0.77930 0.36922 0.77246 0.36199 0.76465 0.36055 0.76123 0.34827 0.76758 0.33887 0.76904 0.33960 0.76953 0.34465 0.77539 0.34754 0.77686 0.34393 0.77393 0.33960 0.77344 0.33165 0.79004 0.31431 0.80371 0.29552 0.81836 0.28540 0.83496 0.28396 0.84180 0.28685 0.86426 0.28829 0.87988 0.29263 0.89648 0.31142 0.90527 0.31720 0.90967 0.32370 0.91357 0.34393 0.91162 0.36705 0.90869 0.37572 0.90039 0.38801 0.88770 0.39379 0.87598 0.40679 0.86230 0.40824
0 0.63672 0.48772 0.61523 0.48772 0.60840 0.48194 0.60449 0.48338 0.60498 0.47977 0.59863 0.47038 0.59668 0.47038 0.59570 0.46749 0.59180 0.46893 0.58350 0.45809 0.57959 0.44075 0.57959 0.42486 0.58154 0.42197 0.58350 0.40751 0.59180 0.39379 0.59619 0.39017 0.59863 0.38367 0.60645 0.37789 0.62305 0.37645 0.63086 0.36633 0.63574 0.36344 0.64062 0.36344 0.64355 0.36633 0.67285 0.34465 0.68652 0.34032 0.69629 0.33309 0.72070 0.33887 0.73535 0.35043 0.74658 0.36850 0.74951 0.39451 0.74854 0.42486 0.74512 0.42991 0.73730 0.43136 0.72852 0.44436 0.72363 0.44725 0.71631 0.46098 0.70752 0.47110 0.70215 0.48483 0.69043 0.48627 0.68164 0.47905 0.67188 0.47905 0.65723 0.48483 0.63672 0.48772
0 0.62012 0.37500 0.61621 0.37500 0.61230 0.37066 0.60547 0.37066 0.60303 0.36561 0.60107 0.35405 0.59473 0.34754 0.59180 0.34754 0.58447 0.32948 0.58350 0.30491 0.59326 0.25723 0.60693 0.22399 0.61963 0.20809 0.62451 0.19509 0.63037 0.18642 0.63232 0.17775 0.63770 0.16980 0.64551 0.16546 0.65723 0.16546 0.66309 0.16980 0.67676 0.17413 0.68359 0.17269 0.68555 0.16980 0.68945 0.17124 0.69824 0.18425 0.70752 0.19364 0.71045 0.21243 0.71045 0.24422 0.69775 0.29046 0.68994 0.30780 0.67822 0.32225 0.67627 0.32948 0.66504 0.34899 0.65918 0.35332 0.65430 0.35332 0.64746 0.36055 0.63867 0.36055 0.62012 0.37500
0 0.32520 0.41980 0.32275 0.41763 0.31982 0.39451 0.31201 0.37428 0.31104 0.36561 0.30420 0.34104 0.30322 0.30925 0.30859 0.29986 0.31201 0.29769 0.32275 0.27457 0.32812 0.26806 0.34863 0.26517 0.36914 0.27240 0.37354 0.27890 0.36963 0.29191 0.37158 0.31214 0.37744 0.32370 0.38135 0.33815 0.39307 0.35694 0.39502 0.37139 0.40088 0.37861 0.39893 0.38439 0.39990 0.39306 0.39746 0.39957 0.39062 0.40246 0.38184 0.39957 0.35547 0.39957 0.34180 0.40679 0.32520 0.41980
0 0.54688 0.33309 0.53320 0.32876 0.52441 0.32876 0.51855 0.33309 0.51270 0.32731 0.50098 0.32442 0.49121 0.31431 0.48584 0.29913 0.48486 0.27457 0.48291 0.26445 0.48389 0.25578 0.49072 0.24133 0.49268 0.22832 0.49512 0.22327 0.50586 0.22327 0.51660 0.21893 0.53320 0.21749 0.54883 0.21026 0.55957 0.20882 0.56348 0.20592 0.57227 0.20448 0.57812 0.20014 0.58203 0.20014 0.58838 0.22543 0.58838 0.23844 0.58154 0.25289 0.57861 0.25578 0.57666 0.26301 0.57764 0.26734 0.57373 0.27457 0.57471 0.28324 0.57666 0.28613 0.57373 0.28902 0.57373 0.29769 0.57812 0.29408 0.58154 0.29913 0.58057 0.31936 0.57910 0.32153 0.57422 0.32009 0.57129 0.32298 0.54883 0.33020 0.54688 0.33309
0 0.44922 0.50795 0.44434 0.50795 0.43848 0.50361 0.42480 0.50650 0.41406 0.49928 0.40967 0.49855 0.40869 0.47832 0.41260 0.47399 0.41260 0.46965 0.41455 0.46676 0.41357 0.46387 0.42383 0.46171 0.42432 0.45809 0.42041 0.45520 0.42480 0.45159 0.42627 0.45954 0.42773 0.46026 0.42822 0.45665 0.43311 0.45087 0.43311 0.44798 0.42480 0.44725 0.42090 0.45014 0.41992 0.44725 0.41113 0.44147 0.40674 0.43353 0.40381 0.42341 0.40381 0.41474 0.41064 0.39017 0.43066 0.35477 0.44141 0.34754 0.46582 0.34610 0.47461 0.35332 0.47900 0.35983 0.48975 0.38439 0.48779 0.40751 0.48193 0.42775 0.48584 0.44220 0.48584 0.44942 0.48779 0.45231 0.47852 0.46604 0.46875 0.47182 0.46436 0.47832 0.46436 0.48699 0.46240 0.48988 0.46338 0.49422 0.45996 0.50072 0.44922 0.50795
0 0.60059 0.22182 0.59180 0.22182 0.58740 0.21387 0.58643 0.20376 0.57959 0.17486 0.57959 0.16040 0.59277 0.13656 0.60059 0.13367 0.61914 0.12066 0.62500 0.11922 0.64355 0.10188 0.65039 0.10188 0.66504 0.11344 0.68555 0.11488 0.70703 0.12211 0.72754 0.14812 0.73291 0.15896 0.73291 0.16763 0.73486 0.17486 0.73389 0.18208 0.72705 0.19942 0.71777 0.21460 0.71240 0.21387 0.71143 0.20231 0.70752 0.19075 0.69727 0.18280 0.69043 0.16980 0.68555 0.16835 0.67969 0.17269 0.67383 0.17269 0.66016 0.16691 0.65820 0.16402 0.64551 0.16402 0.63281 0.17269 0.62598 0.18569 0.61914 0.18858 0.61279 0.20665 0.60059 0.22182
0 0.90430 0.30275 0.89746 0.29118 0.88721 0.28613 0.87061 0.26734 0.87061 0.24422 0.86768 0.22399 0.86914 0.21604 0.87061 0.20231 0.86523 0.18569 0.86963 0.16618 0.86475 0.15896 0.85840 0.18136 0.84717 0.17919 0.84717 0.19942 0.84229 0.19798 0.84326 0.18208 0.84424 0.15318 0.84961 0.15679 0.85791 0.14884 0.86230 0.15390 0.87061 0.14740 0.87842 0.12572 0.88379 0.12500 0.88184 0.11922 0.87451 0.11561 0.87842 0.11127 0.88672 0.10043 0.91113 0.09465 0.92480 0.09465 0.93896 0.09827 0.93018 0.10549 0.92920 0.11272 0.93213 0.11705 0.94385 0.12861 0.94482 0.11416 0.94287 0.10116 0.95068 0.09393 0.95361 0.10405 0.95068 0.13150 0.95166 0.14017 0.94775 0.15173 0.95068 0.16185 0.95605 0.17702 0.96191 0.16980 0.96680 0.17558 0.96729 0.19075 0.96484 0.20014 0.96289 0.20592 0.95898 0.21604 0.95654 0.19075 0.95264 0.20087 0.94922 0.20737 0.95459 0.22110 0.94336 0.21893 0.93555 0.22327 0.93652 0.23338 0.95898 0.23194 0.96338 0.24422 0.95850 0.26012 0.95459 0.24855 0.95605 0.23772 0.94238 0.25217 0.93994 0.26590 0.93164 0.27240 0.92725 0.27168 0.92529 0.28613 0.91650 0.29480 0.90869 0.29480 0.90527 0.29841
0 0.75488 0.36922 0.72754 0.34176 0.68555 0.33743 0.67871 0.32153 0.69629 0.30997 0.70117 0.31575 0.72168 0.32442 0.72217 0.30202 0.72852 0.31575 0.73242 0.33020 0.73584 0.33237 0.74902 0.33165 0.73877 0.30780 0.74219 0.30275 0.75781 0.30708 0.76416 0.30202 0.76172 0.29841 0.75342 0.27312 0.71289 0.26228 0.71484 0.24205 0.73193 0.24133 0.72217 0.20954 0.73096 0.15029 0.70752 0.11994 0.66016 0.11488 0.66797 0.10910 0.66797 0.09899 0.66797 0.07876 0.68311 0.06503 0.70020 0.06142 0.68652 0.07731 0.68604 0.08960 0.72754 0.10477 0.72998 0.08382 0.74951 0.05925 0.75488 0.06864 0.76172 0.07587 0.76465 0.07298 0.79443 0.08237 0.82471 0.07081 0.83252 0.06792 0.83838 0.06936 0.85254 0.08454 0.87158 0.10260 0.86670 0.12428 0.86768 0.15462 0.86328 0.19292 0.85400 0.19798 0.84131 0.18353 0.83105 0.20014 0.83643 0.22110 0.84717 0.23988 0.86084 0.25867 0.85107 0.27023 0.84570 0.28396 0.80566 0.28829 0.78516 0.31575 0.76807 0.33092 0.77783 0.35405 0.75977 0.35910 0.75488 0.36922
0 0.58301 0.15535 0.58105 0.15535 0.57666 0.14884 0.57666 0.14306 0.58154 0.14017 0.57959 0.13584 0.58105 0.13367 0.58301 0.13945 0.58643 0.13728 0.58496 0.13367 0.58252 0.13295 0.58252 0.13006 0.58545 0.12861 0.58203 0.12789 0.57812 0.13223 0.57666 0.13006 0.57861 0.12428 0.57373 0.12139 0.57812 0.12066 0.57959 0.11705 0.57031 0.10477 0.56836 0.10477 0.56592 0.09682 0.56592 0.09249 0.56787 0.08960 0.56689 0.07225 0.57178 0.07081 0.56299 0.06647 0.56641 0.06575 0.56738 0.06286 0.57422 0.06286 0.56982 0.05780 0.57812 0.05708 0.57959 0.05491 0.57666 0.05058 0.58008 0.04552 0.58545 0.04769 0.58545 0.04480 0.58105 0.03685 0.56982 0.03613 0.57275 0.03179 0.57178 0.02890 0.57324 0.02673 0.57617 0.02673 0.57715 0.02384 0.58301 0.02529 0.58350 0.02023 0.58496 0.01951 0.58545 0.02457 0.58789 0.02673 0.59863 0.02529 0.60010 0.02746 0.59717 0.03035 0.59814 0.03757 0.59521 0.04046 0.59863 0.04697 0.60889 0.04769 0.60889 0.05058 0.60547 0.05564 0.60107 0.05202 0.60107 0.05636 0.60303 0.05925 0.60156 0.06286 0.59863 0.05997 0.59717 0.06214 0.59912 0.06792 0.59521 0.07225 0.59863 0.07876 0.60205 0.07803 0.60156 0.08743 0.60840 0.08743 0.60986 0.08960 0.60986 0.09393 0.61377 0.10116 0.61230 0.10621 0.61816 0.10621 0.62256 0.10983 0.61963 0.11272 0.61914 0.11633 0.61572 0.11705 0.61426 0.12500 0.60938 0.12500 0.60059 0.13223 0.59180 0.13512 0.59082 0.13945 0.58691 0.13945 0.58447 0.14306 0.58643 0.14740 0.58252 0.15173 0.58301 0.15535
0 0.29297 0.25650 0.29053 0.24855 0.28662 0.24422 0.28955 0.23844 0.28613 0.23916 0.28320 0.23338 0.28125 0.23338 0.27930 0.23772 0.27979 0.22832 0.27637 0.22760 0.27441 0.22327 0.27100 0.22110 0.27588 0.20665 0.27246 0.20592 0.26953 0.20159 0.26562 0.20592 0.26416 0.20520 0.26709 0.19653 0.26318 0.19364 0.26465 0.19147 0.26660 0.19147 0.26855 0.19581 0.27002 0.19364 0.27197 0.18642 0.26709 0.18208 0.27100 0.17919 0.26904 0.17341 0.27295 0.17052 0.27148 0.16257 0.26855 0.15968 0.26416 0.16185 0.26611 0.15029 0.26221 0.14740 0.26709 0.14451 0.26709 0.13584 0.27441 0.13656 0.27539 0.13367 0.27734 0.13801 0.28320 0.14090 0.28223 0.13512 0.28613 0.13801 0.29004 0.13512 0.29297 0.12934 0.29688 0.13367 0.29834 0.13006 0.29639 0.12861 0.29980 0.12645 0.30176 0.13367 0.33301 0.13367 0.33301 0.12789 0.33984 0.12500 0.35059 0.12500 0.35107 0.11994 0.35254 0.11922 0.35352 0.12355 0.35693 0.12428 0.35693 0.13150 0.35840 0.13367 0.36230 0.13078 0.36963 0.14017 0.36475 0.14451 0.36475 0.14884 0.36084 0.15173 0.36084 0.15751 0.35840 0.16113 0.35547 0.16113 0.35400 0.16329 0.35400 0.16908 0.35010 0.17341 0.34717 0.18208 0.35010 0.19364 0.34424 0.20087 0.34424 0.20520 0.33936 0.20954 0.34131 0.21243 0.33984 0.21604 0.33789 0.21604 0.33594 0.22038 0.33105 0.22038 0.32764 0.22543 0.32568 0.23266 0.32129 0.23916 0.31445 0.24061 0.30957 0.25217 0.30664 0.25506 0.29980 0.25506 0.29590 0.25217 0.29297 0.25650
0 0.29297 0.25650 0.28955 0.23988 0.28467 0.23699 0.28027 0.22760 0.27490 0.21387 0.27246 0.20592 0.26416 0.20231 0.27002 0.19509 0.26709 0.18208 0.27295 0.17052 0.27051 0.16113 0.27002 0.14451 0.28027 0.13801 0.29150 0.13150 0.30176 0.12645 0.31006 0.12428 0.30420 0.11416 0.29736 0.11705 0.29297 0.11922 0.28857 0.12428 0.28223 0.12789 0.27686 0.12717 0.27734 0.11777 0.27002 0.10838 0.27686 0.11272 0.27979 0.10838 0.29199 0.09610 0.29883 0.10621 0.29932 0.09682 0.30322 0.09393 0.31299 0.08382 0.32715 0.07876 0.33105 0.09321 0.33154 0.06647 0.33496 0.04841 0.33936 0.05925 0.34082 0.06864 0.33643 0.08815 0.33789 0.09754 0.35254 0.10766 0.34473 0.11344 0.32910 0.11488 0.31104 0.11994 0.32812 0.12355 0.34180 0.12355 0.35449 0.12211 0.36377 0.12139 0.36328 0.10766 0.36670 0.11994 0.36377 0.13295 0.36426 0.14957 0.35400 0.16329 0.35352 0.17269 0.35400 0.18208 0.35303 0.19653 0.34863 0.19581 0.34131 0.20954 0.33691 0.22327 0.33105 0.22038 0.32129 0.24061 0.29980 0.25506
0 0.04688 0.00939 0.02930 0.00650 0.02881 0.00434 0.05664 0.00361 0.05811 0.00578 0.05566 0.00795 0.04980 0.00650 0.04688 0.00939
0 0.00000 0.20448 0.00439 0.14595 0.00928 0.12861 0.00732 0.10116 0.02295 0.09827 0.01807 0.07514 0.02393 0.06503 0.01611 0.04335 0.02295 0.02457 0.02881 0.01301 0.03418 0.01228 0.04248 0.01301 0.04785 0.02529 0.05518 0.02312 0.05908 0.01590 0.07324 0.00795 0.08350 0.00578 0.08545 0.02023 0.09912 0.03035 0.11816 0.03107 0.12598 0.03396 0.13721 0.03613 0.14746 0.02818 0.16895 0.01951 0.17188 0.04841 0.15967 0.05925 0.17285 0.07442 0.18164 0.06575 0.18262 0.08887 0.20068 0.09393 0.20605 0.10910 0.22607 0.11272 0.23340 0.12645 0.23584 0.13584 0.23926 0.14668 0.25049 0.15896 0.24316 0.16113 0.23242 0.14379 0.21289 0.15535 0.20557 0.17486 0.16797 0.17702 0.15039 0.19436 0.14307 0.25434 0.16260 0.29769 0.15674 0.31069 0.15039 0.29841 0.14404 0.32370 0.14258 0.32009 0.13281 0.33165 0.12305 0.34176 0.11426 0.34899 0.10352 0.35477 0.09473 0.36199 0.09375 0.36922 0.08350 0.38728 0.08008 0.39379 0.07959 0.39884 0.06006 0.40173 0.05908 0.37139 0.06055 0.33598 0.04736 0.31358 0.04492 0.29697 0.03076 0.27746 0.01709 0.26012 0.01709 0.25145 0.00244 0.22832
0 0.00000 0.49783 0.00537 0.45954 0.01562 0.42847 0.05518 0.41474 0.05713 0.38150 0.06201 0.34393 0.04443 0.30925 0.05859 0.30275 0.07422 0.30708 0.08350 0.31647 0.08545 0.33671 0.09521 0.33815 0.09717 0.31358 0.11035 0.31431 0.13770 0.32009 0.15234 0.32731 0.15967 0.34104 0.15576 0.34682 0.16699 0.33743 0.17188 0.35910 0.16357 0.36416 0.16260 0.35694 0.16553 0.37139 0.17139 0.38584 0.16357 0.38728 0.15576 0.39451 0.15918 0.41402 0.16162 0.42919 0.16748 0.45520 0.17773 0.47905 0.18506 0.48266 0.18164 0.51662 0.17334 0.51156 0.18164 0.51951 0.16650 0.54769 0.17627 0.57225 0.16406 0.57442 0.17090 0.58020 0.17480 0.60332 0.15332 0.60766 0.13135 0.60260 0.11914 0.61344 0.12988 0.61055 0.13623 0.62861 0.13525 0.65318 0.15039 0.65390 0.14746 0.66113 0.14453 0.65390 0.14502 0.67630 0.13721 0.67919 0.11816 0.68425 0.12598 0.67847 0.12451 0.66185 0.12988 0.63512 0.11426 0.63078 0.09180 0.62500 0.07422 0.63801 0.06543 0.65246 0.06348 0.66835 0.01953 0.68714 0.01025 0.69075 0.00342 0.67341 0.00342 0.62572
0 0.20996 0.99350 0.19678 0.98410 0.20947 0.94220 0.21045 0.91040 0.19922 0.89523 0.21680 0.87066 0.23096 0.84971 0.21875 0.82298 0.20947 0.79191 0.20459 0.78324 0.20459 0.77168 0.20850 0.73555 0.18701 0.66040 0.18457 0.62789 0.20166 0.59538 0.19775 0.54769 0.19775 0.50145 0.20459 0.45520 0.21533 0.42197 0.20703 0.42124 0.20654 0.40607 0.22510 0.38873 0.23096 0.38584 0.23975 0.37139 0.23779 0.34393 0.23438 0.33887 0.26904 0.34104 0.27246 0.35621 0.29736 0.37139 0.29834 0.39740 0.30664 0.37355 0.31299 0.40173 0.31250 0.43858 0.28662 0.51301 0.29590 0.53540 0.29688 0.57009 0.28857 0.57370 0.28174 0.58815 0.27539 0.60332 0.27441 0.63223 0.28467 0.64740 0.29590 0.65824 0.31055 0.67847 0.30127 0.67630 0.28564 0.67197 0.30127 0.69075 0.29443 0.69798 0.31201 0.73555 0.29688 0.72760 0.30469 0.73916 0.29297 0.76662 0.28369 0.75723 0.27393 0.77457 0.28125 0.81286 0.27783 0.79046 0.27100 0.80202 0.26221 0.83671 0.26416 0.86850 0.25244 0.88006 0.24170 0.91040 0.23584 0.92630 0.23584 0.94942 0.22705 0.97254 0.20996 0.99350
0 0.21387 0.99783 0.14746 0.98916 0.10449 0.99350 0.03516 0.99205 0.00342 0.96243 0.01172 0.93858 0.02881 0.93786 0.04102 0.93136 0.01709 0.89595 0.01172 0.85043 0.01465 0.81431 0.01709 0.79769 0.04834 0.82225 0.04492 0.84032 0.03467 0.84538 0.07227 0.88223 0.05811 0.89306 0.09717 0.92486 0.10693 0.92052 0.09766 0.88078 0.11816 0.86344 0.14990 0.78324 0.13965 0.73049 0.13281 0.70737 0.10400 0.68208 0.08252 0.67919 0.07715 0.64379 0.04980 0.67124 0.01025 0.68642 0.00244 0.53757 0.00684 0.43425 0.03369 0.45376 0.06201 0.40462 0.07764 0.33960 0.06885 0.30491 0.08545 0.32803 0.09863 0.32731 0.13037 0.31647 0.12451 0.25000 0.12891 0.22471 0.12256 0.21387 0.15039 0.15246 0.17090 0.17558 0.15576 0.26734 0.22656 0.33020 0.26855 0.34610 0.30713 0.37139 0.29980 0.44292 0.29004 0.53829 0.28467 0.56792 0.26025 0.57948 0.26270 0.63078 0.24609 0.63367 0.25537 0.67052 0.25342 0.70087 0.24268 0.71243 0.24805 0.72905 0.24561 0.78324 0.25586 0.79697 0.26318 0.82370 0.25635 0.87717 0.24268 0.95376
0 0.32715 0.93136 0.32275 0.92630 0.32568 0.91908 0.32227 0.91691 0.31738 0.91980 0.31299 0.91474 0.31885 0.90751 0.31250 0.89379 0.30664 0.90101 0.29980 0.90101 0.30225 0.89595 0.30225 0.88006 0.30225 0.86561 0.30420 0.85116 0.30127 0.84104 0.30127 0.83382 0.30029 0.82659 0.30273 0.81575 0.30713 0.81069 0.30518 0.80491 0.30420 0.79913 0.30420 0.79191 0.30225 0.78324 0.30518 0.77601 0.30957 0.77095 0.31787 0.76012 0.32568 0.74566 0.33594 0.73627 0.34473 0.73049 0.34766 0.72038 0.36035 0.71749 0.36475 0.72543 0.36963 0.73699 0.37158 0.75289 0.36768 0.75723 0.37158 0.76734 0.37158 0.77457 0.36865 0.77890 0.36768 0.78757 0.37305 0.79986 0.37451 0.79335 0.37354 0.78324 0.38135 0.78035 0.38037 0.78468 0.38037 0.79624 0.37646 0.80636 0.37451 0.81936 0.37451 0.82514 0.37451 0.83382 0.37354 0.84249 0.38184 0.84754 0.37988 0.85043 0.37109 0.84754 0.37158 0.85260 0.36816 0.85477 0.36475 0.85260 0.37012 0.85910 0.37305 0.87211 0.36865 0.87283 0.37793 0.87500 0.37695 0.88656 0.37012 0.88078 0.36865 0.88728 0.36572 0.89162 0.36914 0.90101 0.36328 0.90246 0.35938 0.89957 0.35352 0.90246 0.34912 0.90318 0.34766 0.90679 0.33984 0.90246 0.33740 0.90173 0.34180 0.90824 0.33154 0.91040 0.33398 0.91691 0.32861 0.91908 0.32666 0.92486 0.32715 0.93136
0 0.89062 0.80997 0.86230 0.80997 0.84033 0.79191 0.84326 0.78035 0.83740 0.73988 0.84473 0.72327 0.85107 0.71098 0.83887 0.69725 0.82715 0.68136 0.81641 0.66980 0.81201 0.65751 0.80371 0.64668 0.80664 0.63945 0.80273 0.63512 0.79932 0.61850 0.80029 0.60549 0.80518 0.60838 0.80518 0.63006 0.81299 0.62139 0.82471 0.60983 0.82031 0.58020 0.81592 0.57803 0.81836 0.57587 0.83057 0.55636 0.81836 0.54552 0.81738 0.53396 0.82178 0.52890 0.83105 0.51373 0.83545 0.50578 0.83252 0.49855 0.82959 0.50867 0.82959 0.49855 0.83398 0.48627 0.84473 0.47038 0.85791 0.46965 0.87061 0.45520 0.86475 0.44509 0.86377 0.42775 0.86914 0.43136 0.87695 0.42269 0.88037 0.41329 0.89502 0.42775 0.89062 0.42702 0.87451 0.43786 0.87744 0.45231 0.87598 0.46026 0.89062 0.46171 0.89111 0.46387 0.89502 0.48266 0.90283 0.48266 0.91016 0.49639 0.91797 0.47471 0.92773 0.49639 0.92773 0.49928 0.93164 0.50361 0.92969 0.51084 0.92432 0.52168 0.91846 0.55058 0.91455 0.53613 0.90576 0.55636 0.91357 0.56069 0.90771 0.57514 0.90479 0.58526 0.90430 0.60043 0.90283 0.59249 0.89600 0.59682 0.90088 0.60694 0.90723 0.61199 0.91943 0.60983 0.92773 0.62934 0.93604 0.64451 0.93701 0.66040 0.93408 0.67052 0.93408 0.69653 0.93359 0.70882 0.91211 0.72327 0.90381 0.76734 0.90381 0.78613 0.90674 0.80491 0.89062 0.80997
0 0.76562 0.85621 0.75684 0.85477 0.75879 0.84754 0.75000 0.85477 0.74316 0.85477 0.73438 0.85188 0.72363 0.85621 0.72754 0.84321 0.73730 0.84321 0.75049 0.84104 0.73975 0.84104 0.73828 0.84032 0.72266 0.84032 0.71973 0.82442 0.71533 0.83382 0.71289 0.83598 0.70312 0.84032 0.69922 0.84754 0.69775 0.84104 0.69189 0.82081 0.68359 0.80275 0.68164 0.80853 0.67334 0.80780 0.67139 0.78757 0.66504 0.77529 0.67090 0.76951 0.66406 0.76517 0.66309 0.75361 0.66992 0.75361 0.69043 0.76373 0.68799 0.76734 0.69775 0.76156 0.70996 0.76084 0.72266 0.76373 0.73926 0.76662 0.76270 0.77095 0.77002 0.77168 0.77002 0.77890 0.77246 0.78829 0.75635 0.79913 0.76758 0.79697 0.77832 0.79552 0.79297 0.80853 0.79150 0.81936 0.77783 0.83237 0.77734 0.83887 0.77002 0.83815 0.77637 0.83165 0.77051 0.82442 0.76367 0.82442 0.75586 0.82009 0.74951 0.82225 0.75098 0.81142 0.75879 0.81286 0.75977 0.81864 0.76855 0.81720 0.77734 0.80708 0.76660 0.80853 0.75488 0.80564 0.75098 0.80997 0.73975 0.80636 0.74561 0.81936 0.74707 0.83309 0.75781 0.83165 0.76709 0.83671 0.76074 0.84032 0.75488 0.84610 0.76611 0.84538 0.76709 0.85405
0 0.60742 0.99928 0.58691 0.98772 0.58447 0.98410 0.58252 0.97399 0.57373 0.95087 0.57373 0.92919 0.57080 0.91474 0.57275 0.90751 0.57178 0.90318 0.57373 0.89884 0.57178 0.88006 0.56689 0.87283 0.56787 0.86850 0.56592 0.86416 0.56592 0.85694 0.57031 0.84899 0.57715 0.84321 0.59180 0.84465 0.60059 0.85043 0.60596 0.85694 0.61279 0.87717 0.61523 0.87789 0.61670 0.88295 0.61963 0.88439 0.61768 0.90318 0.61963 0.90607 0.61865 0.91040 0.62354 0.91908 0.62256 0.92197 0.62695 0.92124 0.63037 0.92630 0.62842 0.92919 0.63037 0.93353 0.63037 0.94220 0.62744 0.94798 0.62646 0.96098 0.62158 0.97688 0.62158 0.98121 0.61426 0.99639 0.60742 0.99928
