0 0.65820 0.50072 0.64453 0.49928 0.64160 0.49350 0.63818 0.49133 0.64014 0.48699 0.63672 0.48194 0.63379 0.49205 0.62988 0.48916 0.62793 0.49350 0.62598 0.49350 0.62402 0.49061 0.62012 0.49061 0.61719 0.48772 0.58496 0.47760 0.56934 0.47038 0.55664 0.46171 0.55127 0.45520 0.54541 0.43931 0.54053 0.43208 0.54053 0.42919 0.52979 0.41185 0.52686 0.35838 0.53271 0.33960 0.54736 0.31503 0.55273 0.29986 0.55566 0.29697 0.56152 0.29697 0.57617 0.30419 0.58203 0.30419 0.59277 0.30853 0.60156 0.31431 0.61035 0.31575 0.62500 0.32442 0.63477 0.32587 0.65039 0.33743 0.67480 0.35043 0.68506 0.36272 0.69189 0.37717 0.70166 0.41185 0.70654 0.41908 0.70654 0.42775 0.70361 0.43353 0.70068 0.45087 0.69971 0.46676 0.69775 0.47543 0.69336 0.48338 0.68164 0.49205 0.65820 0.50072
0 0.64551 0.32153 0.63086 0.32009 0.61914 0.31286 0.61377 0.30491 0.61035 0.29408 0.60547 0.29552 0.59814 0.28902 0.58838 0.26301 0.58350 0.23988 0.58545 0.21676 0.59131 0.20087 0.59229 0.19364 0.60449 0.17413 0.67578 0.13945 0.69141 0.13656 0.71094 0.13656 0.71387 0.13801 0.71533 0.14306 0.72266 0.15246 0.72754 0.15246 0.72998 0.14740 0.72998 0.13584 0.73340 0.13223 0.77637 0.13223 0.78174 0.13873 0.78955 0.15607 0.79541 0.17775 0.79785 0.18136 0.80273 0.18280 0.80713 0.19075 0.80713 0.20231 0.80518 0.20520 0.80420 0.22688 0.80127 0.23988 0.79199 0.25217 0.78516 0.25650 0.78223 0.26084 0.77344 0.26517 0.74707 0.28685 0.73047 0.29552 0.72656 0.29552 0.72363 0.29118 0.71973 0.28974 0.70801 0.30708 0.70508 0.30853 0.68945 0.31142 0.68066 0.31575 0.65039 0.31864 0.64551 0.32153
0 0.72949 0.74061 0.70801 0.73194 0.68408 0.70665 0.67920 0.68064 0.67725 0.66763 0.67139 0.64884 0.66846 0.63295 0.65967 0.61416 0.65771 0.60983 0.65674 0.60260 0.65723 0.59754 0.65820 0.59176 0.66260 0.59104 0.65723 0.59032 0.65186 0.59538 0.64404 0.60983 0.61133 0.64234 0.57812 0.63945 0.54980 0.63223 0.52148 0.62211 0.48047 0.60910 0.43555 0.59899 0.41113 0.58454 0.40186 0.57081 0.39600 0.55925 0.39258 0.55564 0.38721 0.53324 0.38623 0.52457 0.38525 0.51879 0.38623 0.50289 0.41504 0.46026 0.42969 0.44725 0.44922 0.44292 0.46289 0.43858 0.47656 0.44003 0.48633 0.43858 0.49512 0.44147 0.52344 0.45014 0.53809 0.45448 0.55273 0.46315 0.57422 0.47760 0.60742 0.48916 0.61914 0.49928 0.62695 0.50650 0.64600 0.52457 0.64893 0.51590 0.66602 0.50072 0.67676 0.49639 0.68652 0.49061 0.70068 0.46387 0.70996 0.46026 0.72705 0.47543 0.74170 0.49422 0.74854 0.50867 0.76416 0.57370 0.77295 0.60838 0.78564 0.67630 0.77783 0.70231 0.75781 0.72905 0.74023 0.73916
0 0.99902 0.82731 0.99414 0.83309 0.99023 0.82731 0.96680 0.81286 0.94629 0.79263 0.92041 0.75578 0.91650 0.74277 0.91455 0.72832 0.91455 0.69075 0.91650 0.68353 0.92676 0.66835 0.94531 0.64812 0.95410 0.64234 0.96094 0.64234 0.98340 0.64668 0.99219 0.65246 0.99902 0.65390
0 0.68359 0.94436 0.67285 0.94436 0.66602 0.94003 0.65527 0.93714 0.63672 0.92702 0.63232 0.91908 0.62549 0.89595 0.62451 0.88295 0.62061 0.86416 0.61084 0.83237 0.60693 0.80925 0.60400 0.80058 0.60693 0.78613 0.61182 0.77746 0.60986 0.74566 0.60498 0.73266 0.60498 0.72543 0.59814 0.71532 0.59521 0.70665 0.59521 0.69942 0.59180 0.69436 0.58496 0.69147 0.58154 0.68064 0.57422 0.67269 0.56982 0.66329 0.56787 0.65751 0.56885 0.65029 0.56689 0.64595 0.56836 0.64379 0.60645 0.64668 0.62207 0.63801 0.63281 0.62934 0.63574 0.62934 0.63916 0.61994 0.64746 0.61055 0.65820 0.61633 0.66162 0.62139 0.66260 0.62861 0.66553 0.63295 0.66943 0.66040 0.67236 0.66618 0.67334 0.67919 0.68018 0.70665 0.69971 0.73410 0.70166 0.74711 0.71338 0.78757 0.72021 0.81792 0.72900 0.84104 0.73584 0.84971 0.73779 0.85838 0.73779 0.86994 0.73486 0.88006 0.72510 0.89162 0.71143 0.92052 0.69629 0.93858 0.68359 0.94436
0 0.54980 0.81720 0.52344 0.81575 0.50684 0.80419 0.50000 0.79697 0.47266 0.75795 0.46387 0.75072 0.44385 0.72110 0.42334 0.67341 0.41943 0.65751 0.41748 0.62139 0.42139 0.60116 0.42383 0.59754 0.47461 0.60910 0.47754 0.61199 0.50195 0.62066 0.52148 0.62355 0.52832 0.62789 0.54590 0.63367 0.55273 0.63945 0.56006 0.65462 0.58252 0.68786 0.59912 0.71965 0.60400 0.73266 0.60791 0.75867 0.60791 0.77457 0.60596 0.78468 0.60254 0.79408 0.59570 0.80419 0.58887 0.80997 0.58203 0.81286 0.54980 0.81720
0 0.57324 0.95014 0.55176 0.95014 0.52832 0.94581 0.50488 0.94581 0.49414 0.94292 0.48438 0.93569 0.46387 0.93136 0.45898 0.92847 0.45215 0.92847 0.44043 0.92269 0.41504 0.89668 0.40674 0.87861 0.39795 0.81647 0.39893 0.79769 0.41016 0.77818 0.42480 0.76517 0.44629 0.75650 0.46387 0.75506 0.47168 0.75939 0.47754 0.76951 0.50195 0.79986 0.52539 0.81720 0.59668 0.81720 0.59619 0.82225 0.60010 0.83092 0.60889 0.84104 0.60889 0.84538 0.61279 0.85549 0.61475 0.86416 0.61475 0.87717 0.61865 0.89017 0.61865 0.90607 0.61377 0.92052 0.59863 0.94003 0.58789 0.94725 0.57324 0.95014
0 0.33789 0.60043 0.29297 0.59754 0.26758 0.58887 0.24609 0.57876 0.22656 0.57442 0.21777 0.57009 0.20557 0.55347 0.20459 0.54769 0.18506 0.51012 0.18213 0.49422 0.18506 0.47832 0.19482 0.45809 0.20605 0.44003 0.21777 0.42991 0.23047 0.42558 0.26367 0.42413 0.30176 0.43136 0.34863 0.43280 0.35938 0.43714 0.37402 0.44725 0.38086 0.45303 0.38721 0.46387 0.38818 0.48844 0.37939 0.50145 0.37842 0.51445 0.38135 0.53468 0.39111 0.56792 0.38281 0.58454 0.37402 0.59176 0.35547 0.59899 0.33789 0.60043
0 0.20801 0.42991 0.19629 0.42847 0.18457 0.42269 0.15137 0.39957 0.11230 0.35766 0.09961 0.33743 0.08350 0.31647 0.07666 0.29191 0.07373 0.27457 0.07275 0.25578 0.07568 0.23844 0.07471 0.21243 0.07666 0.20665 0.08691 0.19147 0.09473 0.18569 0.10840 0.17991 0.11914 0.18136 0.13965 0.17847 0.14551 0.18136 0.15820 0.19292 0.18652 0.23049 0.22266 0.26662 0.23486 0.28324 0.24561 0.30202 0.25342 0.32803 0.25586 0.33165 0.26318 0.33526 0.26416 0.34393 0.26123 0.35260 0.25928 0.36850 0.25537 0.38006 0.24805 0.39090 0.24219 0.39523 0.22266 0.42269 0.20801 0.42991
0 0.73682 0.00000 0.73828 0.00217 0.81934 0.00506 0.83350 0.03035 0.83643 0.04480 0.83838 0.04769 0.83936 0.06214 0.83350 0.07803 0.83350 0.08237 0.82275 0.10405 0.81445 0.11344 0.80469 0.12211 0.77930 0.13078 0.76074 0.13078 0.73926 0.12789 0.71973 0.12211 0.70508 0.12355 0.67969 0.11922 0.66406 0.11922 0.65527 0.12211 0.62695 0.12211 0.62207 0.11922 0.61133 0.11922 0.59766 0.11488 0.58496 0.10621 0.57178 0.08960 0.57178 0.08526 0.56982 0.08237 0.56787 0.06214 0.56592 0.05636 0.56592 0.02312 0.56787 0.02023 0.56592 0.01734 0.56592 0.00723 0.56934 0.00361 0.72266 0.00217 0.72412 0.00000
0 0.00000 0.40535 0.00244 0.40173 0.00342 0.37861 0.01221 0.36705 0.01123 0.36127 0.01367 0.35910 0.01855 0.36055 0.02246 0.35621 0.02930 0.35477 0.04004 0.34610 0.07227 0.34176 0.07715 0.33598 0.08105 0.33887 0.09570 0.33887 0.10303 0.34827 0.10498 0.35405 0.10596 0.35983 0.10352 0.36488 0.10107 0.36561 0.10107 0.36994 0.10352 0.37355 0.10547 0.37500 0.10791 0.37283 0.10791 0.36994 0.10400 0.36705 0.10449 0.36488 0.10840 0.36777 0.11621 0.36777 0.12305 0.37211 0.12549 0.37572 0.12402 0.38078 0.12012 0.38512 0.11719 0.38512 0.11621 0.38223 0.11377 0.38295 0.12109 0.39090 0.12598 0.38801 0.12793 0.39379 0.13281 0.39523 0.14453 0.40824 0.15820 0.40824 0.16406 0.41257 0.16846 0.41763 0.16943 0.42486 0.17188 0.42847 0.18066 0.43425 0.18506 0.44075 0.18994 0.45231 0.18799 0.45520 0.18896 0.46243 0.18213 0.48121 0.18018 0.49422 0.18408 0.51301 0.19092 0.53179 0.18555 0.54118 0.18164 0.53974 0.17969 0.54408 0.17578 0.54697 0.16895 0.54841 0.16504 0.55419 0.15039 0.56286 0.11719 0.56286 0.11230 0.55853 0.10840 0.55853 0.09961 0.57153 0.08789 0.56864 0.08496 0.57009 0.07812 0.56864 0.06738 0.56142 0.00488 0.50795 0.00244 0.50434 0.00146 0.49277 0.00000 0.49205
0 0.11035 0.74928 0.05566 0.74783 0.04102 0.74350 0.03320 0.73772 0.02783 0.72977 0.02490 0.72110 0.01514 0.70809 0.01025 0.68931 0.01318 0.65607 0.01611 0.65173 0.01807 0.64017 0.02197 0.63295 0.02100 0.62861 0.02197 0.62572 0.02637 0.62355 0.03271 0.61272 0.03271 0.60983 0.04590 0.59176 0.06348 0.58165 0.06934 0.58165 0.07812 0.57731 0.09766 0.58309 0.10010 0.58960 0.09912 0.59682 0.10107 0.60260 0.09814 0.61127 0.10205 0.61850 0.10107 0.62861 0.10449 0.63367 0.11035 0.63078 0.11621 0.62211 0.13281 0.61199 0.14355 0.61199 0.14648 0.60766 0.15820 0.60621 0.16162 0.61272 0.16455 0.66329 0.16650 0.67486 0.16650 0.68931 0.16162 0.70665 0.13770 0.73483 0.11035 0.74928
0 0.00000 0.09465 0.00146 0.09393 0.00244 0.08382 0.00146 0.03179 0.00488 0.02818 0.01953 0.05130 0.02734 0.05708 0.05371 0.09176 0.07861 0.10838 0.08154 0.11705 0.08154 0.12572 0.08643 0.14740 0.08643 0.18642 0.07275 0.21098 0.07373 0.22832 0.07080 0.24711 0.06152 0.25361 0.04102 0.25361 0.01465 0.24494 0.00781 0.23916 0.00488 0.24061 0.00244 0.23699 0.00146 0.19798 0.00244 0.18497 0.00146 0.17486 0.00000 0.17413
0 0.85449 0.86055 0.84277 0.85766 0.82715 0.84610 0.81982 0.83526 0.81787 0.82225 0.81104 0.81503 0.80615 0.79913 0.80225 0.79191 0.80127 0.78324 0.80420 0.77601 0.80225 0.77168 0.80420 0.76734 0.80225 0.76445 0.80518 0.76012 0.80322 0.75434 0.81348 0.74350 0.82031 0.74928 0.82812 0.75217 0.83252 0.75723 0.83203 0.76084 0.84180 0.76373 0.84131 0.77168 0.84619 0.77168 0.84326 0.77601 0.85156 0.78396 0.85596 0.79046 0.85791 0.79769 0.86084 0.80058 0.86084 0.80491 0.85889 0.80636 0.86230 0.80708 0.86768 0.81358 0.86768 0.81936 0.86963 0.82370 0.86475 0.83815 0.86572 0.84682 0.85938 0.85766 0.85449 0.86055
0 0.84180 0.74639 0.82666 0.73266 0.81836 0.71749 0.79834 0.67052 0.79834 0.64017 0.80664 0.63656 0.82178 0.62572 0.81787 0.61272 0.80371 0.59465 0.79834 0.56358 0.81104 0.54913 0.79590 0.52673 0.79053 0.46532 0.77783 0.48266 0.76221 0.48266 0.76123 0.48555 0.73877 0.48266 0.72412 0.45954 0.73047 0.44581 0.72510 0.43208 0.71973 0.43136 0.71777 0.41402 0.70166 0.39451 0.69287 0.34393 0.69092 0.32659 0.69531 0.31575 0.71777 0.31286 0.72119 0.30925 0.74219 0.30275 0.76660 0.31864 0.77588 0.33092 0.78564 0.35116 0.77686 0.37283 0.78711 0.38945 0.80029 0.38295 0.80664 0.37645 0.84570 0.37355 0.85303 0.39451 0.84424 0.40029 0.83740 0.39451 0.83252 0.41329 0.83691 0.42702 0.86035 0.43136 0.85742 0.43569 0.86182 0.44798 0.86572 0.47110 0.86670 0.49566 0.88428 0.51734 0.87988 0.53974 0.88818 0.55491 0.89209 0.56503 0.89795 0.58815 0.91357 0.59827 0.90771 0.63439 0.89404 0.65173 0.88135 0.67197 0.87646 0.68353 0.85840 0.70882 0.83887 0.71171 0.83447 0.71965 0.83740 0.73266
0 0.94922 0.53974 0.93848 0.52095 0.91357 0.50578 0.92480 0.48916 0.92041 0.47688 0.92627 0.47832 0.91113 0.46460 0.88135 0.44075 0.86768 0.40607 0.86670 0.37283 0.87061 0.35549 0.85156 0.35621 0.83447 0.37139 0.81250 0.37789 0.79980 0.37645 0.79590 0.35477 0.78857 0.33960 0.78662 0.30491 0.79932 0.27890 0.80371 0.28251 0.82666 0.26734 0.82666 0.24711 0.84570 0.25217 0.83887 0.26228 0.84180 0.26084 0.84863 0.27529 0.86230 0.28251 0.87598 0.28829 0.87158 0.27890 0.86475 0.23699 0.85693 0.22832 0.84473 0.20303 0.85303 0.19075 0.84375 0.17991 0.87305 0.17413 0.87598 0.15824 0.88379 0.14668 0.90039 0.15246 0.89795 0.17775 0.89307 0.20376 0.91113 0.22760 0.91553 0.23266 0.92529 0.25867 0.91699 0.27529 0.93115 0.29046 0.93408 0.27312 0.93408 0.29335 0.93164 0.30853 0.91943 0.31792 0.92236 0.33526 0.92725 0.35694 0.92529 0.37428 0.92188 0.38512 0.91553 0.39595 0.92041 0.40751 0.93115 0.41763 0.93701 0.43353 0.93799 0.45954 0.93799 0.47543 0.94385 0.45087 0.95361 0.45087 0.94971 0.46387 0.96289 0.47905 0.95166 0.47977 0.95068 0.50578 0.94287 0.52168 0.95068 0.53613
0 0.82031 0.99350 0.75146 0.98410 0.73877 0.94075 0.73047 0.97038 0.71289 0.96171 0.71973 0.90824 0.73682 0.83671 0.71533 0.78613 0.69238 0.72182 0.74414 0.74928 0.78467 0.69653 0.78467 0.60838 0.78369 0.58960 0.81641 0.59610 0.80225 0.55636 0.75439 0.52457 0.76318 0.51734 0.80371 0.53540 0.81445 0.53974 0.84424 0.49855 0.84375 0.45592 0.82715 0.44581 0.77002 0.46821 0.77832 0.48194 0.75928 0.48121 0.72510 0.46098 0.76123 0.46387 0.74854 0.42486 0.74951 0.40318 0.74658 0.37139 0.73096 0.34104 0.70898 0.40824 0.70020 0.35910 0.68408 0.34104 0.68018 0.34104 0.65430 0.33020 0.70117 0.31575 0.73633 0.29986 0.75781 0.32876 0.77686 0.34104 0.78857 0.36705 0.81348 0.38512 0.85840 0.35043 0.86523 0.41691 0.87500 0.48049 0.86426 0.55708 0.86182 0.58382 0.87695 0.57442 0.88818 0.63295 0.89355 0.66546 0.90967 0.67486 0.88379 0.68858 0.89844 0.74928 0.93066 0.80130 0.92383 0.82731 0.91113 0.77673 0.89111 0.82514 0.89111 0.84104 0.93408 0.88150 0.91943 0.94220 0.87793 0.98772 0.82422 0.98627
0 0.94141 0.31575 0.92920 0.30202 0.92188 0.29552 0.91309 0.29552 0.90039 0.27818 0.87939 0.27457 0.87305 0.26517 0.86670 0.25867 0.86914 0.24205 0.87207 0.23338 0.86865 0.22543 0.86914 0.21171 0.86719 0.20448 0.85400 0.19509 0.85400 0.18208 0.85693 0.17197 0.84668 0.14523 0.83740 0.13584 0.84229 0.12428 0.83350 0.11272 0.82764 0.10116 0.83936 0.08382 0.84473 0.05853 0.84863 0.07876 0.85303 0.07803 0.85986 0.07659 0.87598 0.09610 0.89307 0.09682 0.90137 0.10621 0.90381 0.11705 0.90723 0.11922 0.90576 0.11272 0.91504 0.10621 0.93066 0.09176 0.94238 0.10477 0.95215 0.10332 0.95605 0.12211 0.95996 0.08598 0.96143 0.10116 0.96143 0.11705 0.96533 0.13584 0.96680 0.14090 0.96875 0.15390 0.98340 0.15246 0.98486 0.14017 0.97803 0.13584 0.99121 0.12934 0.99561 0.12861 0.98877 0.14017 0.99072 0.16763 0.98486 0.16185 0.97852 0.16257 0.98730 0.18425 0.99365 0.19364 0.99170 0.22254 0.98682 0.21098 0.98438 0.19436 0.97363 0.20014 0.97510 0.21243 0.97900 0.23410 0.97998 0.24277 0.97803 0.25578 0.98584 0.25000 0.98584 0.23555 0.99463 0.24277 0.99316 0.25361 0.99365 0.26012 0.99121 0.26662 0.97705 0.27168 0.97217 0.28179 0.96973 0.26662 0.95508 0.28107 0.94922 0.29697 0.94385 0.29769 0.94531 0.30853 0.94727 0.31431
0 0.30371 0.22616 0.28369 0.20520 0.25977 0.19003 0.24805 0.18136 0.22168 0.15246 0.21826 0.15607 0.21191 0.14812 0.21289 0.14379 0.19482 0.14306 0.19189 0.13728 0.18799 0.12717 0.17432 0.11272 0.18359 0.10766 0.18506 0.09249 0.16650 0.08960 0.18506 0.07659 0.18848 0.06431 0.19922 0.07009 0.20752 0.07225 0.22266 0.07876 0.23730 0.08309 0.20898 0.07587 0.20605 0.08743 0.20703 0.09032 0.21191 0.08887 0.21777 0.10043 0.20850 0.10260 0.22119 0.12428 0.22803 0.12861 0.23242 0.11488 0.23730 0.11055 0.24463 0.08671 0.25000 0.07587 0.26074 0.07442 0.26172 0.05708 0.24951 0.06647 0.23926 0.05997 0.22412 0.05925 0.22852 0.04841 0.22510 0.04335 0.23975 0.05202 0.23584 0.04335 0.24561 0.03324 0.25684 0.01806 0.26416 0.02601 0.27100 0.02023 0.28223 0.02818 0.29150 0.02457 0.30518 0.03035 0.32520 0.04408 0.33936 0.07225 0.35840 0.11344 0.36572 0.12428 0.37500 0.13801 0.38037 0.14162 0.37842 0.15896 0.37305 0.14234 0.36230 0.16257 0.35107 0.17775 0.34180 0.19147 0.31348 0.20737 0.30371 0.22616
0 0.43164 0.33309 0.41797 0.33165 0.41504 0.32587 0.40820 0.32442 0.40430 0.32731 0.39746 0.32731 0.39502 0.31792 0.38965 0.31142 0.38623 0.31069 0.38818 0.30636 0.38818 0.30058 0.38623 0.29335 0.38721 0.28324 0.38330 0.27890 0.38428 0.27457 0.37793 0.26662 0.37012 0.26517 0.36621 0.25506 0.35840 0.25361 0.35596 0.24855 0.35791 0.24422 0.35791 0.23699 0.35498 0.22543 0.35498 0.21676 0.34912 0.19942 0.34912 0.18642 0.35303 0.17630 0.35303 0.17052 0.35596 0.16040 0.35840 0.15968 0.35986 0.15607 0.35840 0.15246 0.35498 0.15173 0.35742 0.14668 0.36035 0.14668 0.36230 0.14379 0.36621 0.14523 0.36670 0.14162 0.36963 0.14017 0.36768 0.13584 0.37207 0.13223 0.38281 0.12934 0.38672 0.13078 0.38965 0.12789 0.40918 0.12934 0.41162 0.13584 0.40576 0.14451 0.41064 0.15173 0.40967 0.15462 0.41260 0.15751 0.41406 0.16257 0.42285 0.17269 0.42480 0.17269 0.42773 0.17847 0.43164 0.17991 0.43604 0.18642 0.43799 0.19364 0.44043 0.19436 0.44434 0.20303 0.44727 0.20303 0.44775 0.20665 0.45361 0.21243 0.45312 0.21460 0.44873 0.21243 0.44971 0.21821 0.44775 0.21965 0.44775 0.22399 0.44922 0.22616 0.45312 0.22616 0.45508 0.23049 0.46484 0.22760 0.46533 0.23266 0.46924 0.23410 0.46875 0.23772 0.46338 0.23988 0.46533 0.24422 0.46240 0.25000 0.46387 0.26373 0.45850 0.26156 0.45605 0.25072 0.45508 0.25506 0.45166 0.25578 0.45264 0.26012 0.45068 0.26445 0.45361 0.26734 0.44971 0.27023 0.45166 0.27312 0.45068 0.27890 0.44629 0.28540 0.44434 0.28540 0.44238 0.28107 0.44092 0.28468 0.44092 0.29046 0.44482 0.29335 0.44482 0.29624 0.44238 0.29697 0.43799 0.30636 0.44092 0.32225 0.43750 0.32876 0.43164 0.33309
0 0.42480 0.33165 0.41309 0.32587 0.39209 0.30202 0.39111 0.28757 0.37598 0.26084 0.36475 0.24855 0.35889 0.23410 0.35498 0.21098 0.35400 0.17630 0.35400 0.15896 0.35693 0.14740 0.36084 0.15173 0.36572 0.14017 0.37695 0.13367 0.40039 0.12211 0.41992 0.12934 0.44678 0.12861 0.45801 0.10621 0.50488 0.13078 0.51562 0.13945 0.51807 0.14017 0.52930 0.14668 0.53564 0.15607 0.55078 0.16835 0.54980 0.17847 0.53906 0.17991 0.54395 0.19292 0.54248 0.20954 0.55176 0.20737 0.55029 0.20231 0.55518 0.19798 0.54834 0.18786 0.54980 0.18569 0.57031 0.17702 0.58594 0.18425 0.58740 0.19798 0.58398 0.20737 0.57568 0.20376 0.56738 0.20592 0.57910 0.21460 0.57715 0.22327 0.56934 0.22327 0.56396 0.22832 0.57520 0.23194 0.57715 0.24494 0.57471 0.25578 0.57812 0.26951 0.57178 0.26590 0.56348 0.26951 0.55664 0.27095 0.54785 0.26951 0.54199 0.27673 0.53906 0.28251 0.52832 0.28540 0.50977 0.28396 0.48633 0.28974 0.47803 0.29046 0.46484 0.29408 0.44482 0.29480 0.43896 0.31358 0.43799 0.32370
0 0.42676 0.33165 0.40723 0.32442 0.39209 0.30202 0.38525 0.27890 0.36914 0.25506 0.35986 0.23699 0.35498 0.21098 0.35010 0.18642 0.35498 0.16618 0.35596 0.14740 0.35693 0.13150 0.34619 0.14162 0.34229 0.14017 0.34033 0.13295 0.34326 0.11705 0.34473 0.10332 0.34863 0.12645 0.35449 0.12645 0.35889 0.13006 0.36865 0.13150 0.38379 0.12211 0.39746 0.12211 0.40283 0.12428 0.41406 0.12789 0.42676 0.12789 0.44580 0.11705 0.45605 0.10477 0.47559 0.10477 0.49121 0.11488 0.50195 0.12211 0.51660 0.13801 0.52295 0.14017 0.52930 0.14668 0.53564 0.15607 0.54883 0.16546 0.55518 0.17341 0.54297 0.17847 0.53564 0.19364 0.54150 0.20087 0.54395 0.21315 0.54834 0.20665 0.55371 0.19003 0.55176 0.18425 0.57227 0.17847 0.58740 0.18642 0.58398 0.20737 0.57568 0.20376 0.58105 0.20014 0.57617 0.19292 0.56836 0.19292 0.56885 0.20087 0.56738 0.20592 0.57715 0.22327 0.56738 0.22038 0.56445 0.23194 0.57715 0.24494 0.57520 0.25361 0.58057 0.26301 0.57178 0.26734 0.56738 0.26662 0.55957 0.26373 0.54883 0.26951 0.54297 0.27673 0.53711 0.28540 0.53564 0.28613 0.52539 0.27962 0.51562 0.27673 0.49805 0.28974 0.48145 0.28540 0.47363 0.29118 0.45996 0.29118 0.43701 0.30780 0.43896 0.32370
0 0.27051 0.98483 0.25049 0.97977 0.26221 0.96821 0.24365 0.97254 0.21973 0.95882 0.19922 0.95448 0.18750 0.94870 0.17578 0.93569 0.19287 0.93064 0.18164 0.91835 0.17041 0.93208 0.14697 0.90896 0.14893 0.87283 0.14258 0.84321 0.16602 0.84754 0.15869 0.83526 0.14307 0.82659 0.13184 0.81142 0.12354 0.79191 0.12988 0.74494 0.15430 0.72760 0.17334 0.72254 0.18701 0.69942 0.17725 0.68642 0.17139 0.65607 0.16357 0.62428 0.16455 0.59104 0.18506 0.56792 0.20166 0.55636 0.24268 0.58526 0.25488 0.58598 0.29590 0.60188 0.30762 0.62066 0.30371 0.64668 0.30518 0.65173 0.31055 0.67558 0.31201 0.63728 0.30566 0.61633 0.31738 0.60621 0.32959 0.62572 0.33594 0.63223 0.32373 0.64017 0.34131 0.65173 0.32959 0.67197 0.32129 0.67847 0.30908 0.69075 0.31201 0.72543 0.30273 0.75217 0.31201 0.78324 0.31738 0.80419 0.32471 0.84104 0.32129 0.87645 0.31104 0.89162 0.29443 0.90173 0.30078 0.90968 0.30664 0.92124 0.30518 0.92630 0.28418 0.93136 0.28076 0.94364 0.27539 0.95014 0.27783 0.95954 0.27051 0.98483
0 0.40527 0.77240 0.40283 0.77023 0.40186 0.76590 0.40283 0.76012 0.39941 0.75939 0.39355 0.75361 0.39355 0.74783 0.37402 0.74783 0.36816 0.74350 0.36035 0.74350 0.35986 0.73988 0.36279 0.73699 0.35986 0.73555 0.35889 0.72977 0.35547 0.72616 0.35059 0.72616 0.34912 0.72110 0.34521 0.71676 0.34912 0.70665 0.34668 0.70159 0.34326 0.70231 0.34326 0.70954 0.34180 0.71171 0.33936 0.71098 0.34033 0.69942 0.33838 0.69509 0.34229 0.69075 0.34033 0.68642 0.34619 0.67919 0.34033 0.67630 0.34326 0.66763 0.34229 0.66474 0.34473 0.66113 0.34717 0.66618 0.34619 0.67341 0.34766 0.67702 0.35645 0.66980 0.35840 0.67991 0.36084 0.67486 0.35791 0.66763 0.36230 0.66257 0.36475 0.67341 0.36670 0.67486 0.36377 0.68064 0.36377 0.68497 0.36621 0.68858 0.36865 0.68353 0.36768 0.67775 0.37305 0.67702 0.37451 0.66763 0.37939 0.66329 0.37891 0.65968 0.38281 0.65679 0.38525 0.66329 0.39014 0.66763 0.39014 0.67197 0.38721 0.67486 0.39209 0.68208 0.39307 0.70087 0.39844 0.70014 0.40430 0.69436 0.40576 0.70087 0.40918 0.70303 0.41113 0.69725 0.41064 0.70665 0.41357 0.71098 0.41357 0.71965 0.41553 0.71821 0.41553 0.71387 0.41797 0.71026 0.41943 0.71821 0.42725 0.72543 0.42529 0.73266 0.42627 0.73699 0.42773 0.73916 0.43164 0.73483 0.43604 0.73699 0.43408 0.74855 0.43652 0.75361 0.43457 0.75506 0.43066 0.75217 0.43262 0.75650 0.42676 0.75795 0.41895 0.76517 0.41211 0.76373 0.40527 0.77240
0 0.37109 0.97616 0.36914 0.97616 0.36621 0.97182 0.36426 0.97182 0.36230 0.97616 0.35986 0.97110 0.36084 0.96387 0.35938 0.96171 0.35352 0.96171 0.35156 0.95592 0.34912 0.95809 0.35010 0.96098 0.34863 0.96171 0.34814 0.95665 0.34521 0.95376 0.34717 0.94942 0.34619 0.94509 0.34814 0.94220 0.34570 0.93858 0.33887 0.94003 0.33740 0.94220 0.33936 0.94509 0.33887 0.94725 0.33105 0.94581 0.32959 0.93642 0.33154 0.93353 0.32666 0.93353 0.32861 0.91908 0.32275 0.90751 0.32568 0.90029 0.32568 0.89451 0.32373 0.89162 0.32715 0.88945 0.33057 0.88295 0.32959 0.87572 0.33350 0.86561 0.33057 0.86127 0.33057 0.85838 0.33496 0.85477 0.33789 0.85621 0.34961 0.85332 0.35107 0.85116 0.35010 0.84393 0.35547 0.84176 0.35986 0.83382 0.35840 0.83020 0.35400 0.82948 0.36230 0.82731 0.36523 0.82442 0.36768 0.82659 0.36670 0.85260 0.36963 0.85694 0.36719 0.86199 0.36230 0.86344 0.36084 0.86127 0.36084 0.84971 0.35840 0.84610 0.35303 0.85116 0.35400 0.85838 0.35205 0.86561 0.35498 0.86850 0.35547 0.88367 0.35889 0.88439 0.36230 0.87211 0.36621 0.87645 0.36719 0.87211 0.37012 0.87211 0.37061 0.87717 0.37305 0.87934 0.37598 0.87355 0.37793 0.87355 0.38135 0.88006 0.37939 0.88439 0.38281 0.88656 0.38330 0.89017 0.37646 0.89595 0.37842 0.90318 0.38184 0.90679 0.37598 0.90968 0.37451 0.90751 0.37451 0.88728 0.37305 0.88512 0.37061 0.88728 0.36963 0.90607 0.37354 0.91040 0.37354 0.92197 0.37061 0.92630 0.37305 0.92847 0.37598 0.92269 0.38525 0.92630 0.38623 0.92919 0.38428 0.93642 0.38623 0.94509 0.38232 0.95376 0.38477 0.95448 0.38818 0.96098 0.37988 0.97038 0.37402 0.97038 0.37354 0.97399 0.37109 0.97616
0 0.47363 0.97905 0.47217 0.97543 0.47412 0.97254 0.47021 0.96821 0.47119 0.96098 0.47510 0.95665 0.47559 0.95159 0.48047 0.95014 0.48291 0.95376 0.47949 0.95448 0.47607 0.96098 0.48291 0.96821 0.47559 0.97471 0.47363 0.97905
0 0.12695 0.88512 0.11035 0.88223 0.11035 0.87789 0.11768 0.87572 0.11230 0.87355 0.10547 0.87066 0.09863 0.86777 0.09912 0.86127 0.09277 0.84754 0.08887 0.84899 0.08350 0.84682 0.08643 0.82948 0.08105 0.83020 0.07422 0.80419 0.06445 0.80708 0.07324 0.80130 0.08057 0.79480 0.08105 0.79986 0.07861 0.78757 0.08447 0.78035 0.07666 0.76445 0.07178 0.76156 0.06348 0.77095 0.06299 0.76445 0.09180 0.74639 0.11328 0.74928 0.12305 0.74494 0.13184 0.73772 0.14062 0.72905 0.14307 0.72543 0.15723 0.71460 0.15820 0.71026 0.16211 0.71893 0.16846 0.72543 0.17432 0.73699 0.17627 0.74422 0.17285 0.74639 0.17041 0.74566 0.17285 0.75072 0.16895 0.75650 0.16748 0.74855 0.15674 0.74855 0.15918 0.75506 0.15088 0.76012 0.15137 0.75506 0.14893 0.76012 0.14893 0.76879 0.14990 0.77601 0.14453 0.77818 0.14307 0.77890 0.14600 0.78757 0.14990 0.79191 0.14746 0.79552 0.14551 0.80130 0.14160 0.80853 0.14014 0.79480 0.13818 0.77457 0.13623 0.76445 0.13574 0.75506 0.13525 0.76012 0.13428 0.76879 0.12939 0.77601 0.13232 0.78324 0.12793 0.79408 0.12354 0.78324 0.12646 0.77168 0.11963 0.77168 0.12158 0.80058 0.12598 0.79552 0.12939 0.80636 0.13232 0.81936 0.13135 0.82514 0.13135 0.83237 0.13135 0.84971 0.13037 0.85694 0.13135 0.86416 0.12988 0.87066 0.13477 0.87355 0.13281 0.87645
0 0.15723 0.99639 0.15332 0.99494 0.14941 0.98772 0.14160 0.98916 0.14062 0.99205 0.13672 0.99061 0.13477 0.99350 0.12988 0.99494 0.12500 0.99494 0.12305 0.99205 0.11816 0.99350 0.11182 0.99133 0.11768 0.97832 0.12646 0.94942 0.13037 0.94220 0.13965 0.92991 0.14355 0.93136 0.14551 0.92702 0.14844 0.92558 0.15430 0.92702 0.15820 0.93136 0.16797 0.93569 0.17773 0.94870 0.18652 0.95159 0.19824 0.96171 0.20996 0.96171 0.21631 0.96821 0.21240 0.97543 0.21436 0.97977 0.20898 0.98916 0.20703 0.98627 0.20215 0.98627 0.20117 0.99061 0.19434 0.99350 0.19189 0.98844 0.19287 0.97832 0.19141 0.97760 0.18994 0.98410 0.18799 0.98555 0.18994 0.99133 0.18848 0.99350 0.18555 0.99205 0.18164 0.99494 0.17480 0.98772 0.17383 0.99061 0.16797 0.99350 0.16406 0.99205 0.15723 0.99639
0 0.12207 0.93136 0.11670 0.92341 0.11914 0.91113 0.10742 0.90824 0.09326 0.89595 0.10059 0.88223 0.09668 0.87355 0.08496 0.87355 0.07666 0.84827 0.08057 0.83960 0.07812 0.83454 0.07080 0.82225 0.06348 0.81286 0.06494 0.79913 0.07422 0.78251 0.07129 0.77818 0.06104 0.76879 0.05664 0.76084 0.07812 0.75072 0.10547 0.75217 0.12305 0.74494 0.13965 0.72905 0.14941 0.71604 0.15820 0.71026 0.16797 0.71893 0.17139 0.73266 0.17725 0.74566 0.16943 0.76012 0.17480 0.78251 0.18018 0.77457 0.18066 0.76662 0.18408 0.77746 0.17578 0.78396 0.17334 0.79480 0.17432 0.80347 0.17285 0.80564 0.16602 0.80708 0.16016 0.79697 0.15869 0.81214 0.15967 0.81936 0.15674 0.82514 0.15430 0.84032 0.15381 0.82514 0.15186 0.81503 0.15088 0.79913 0.14600 0.78035 0.14990 0.78902 0.14844 0.79552 0.14893 0.80636 0.14062 0.80997 0.13721 0.76590 0.13721 0.75723 0.13135 0.76445 0.12939 0.77601 0.13135 0.78613 0.12451 0.79335 0.12646 0.77168 0.11963 0.77168 0.12158 0.79913 0.13135 0.79913 0.13232 0.81936 0.13428 0.82948 0.13135 0.85116 0.13232 0.85983 0.14160 0.86633 0.14600 0.88006 0.14307 0.88728 0.14600 0.89884 0.14697 0.92197 0.13916 0.91763 0.13721 0.90029 0.13037 0.90896 0.12842 0.92197 0.12451 0.92919
0 0.21094 0.17413 0.20312 0.16113 0.19189 0.13295 0.18555 0.12645 0.17676 0.11488 0.16699 0.11633 0.15674 0.10116 0.16260 0.11272 0.15137 0.11055 0.13721 0.10116 0.12646 0.09682 0.12402 0.11488 0.10986 0.09538 0.12305 0.08165 0.10840 0.08020 0.10840 0.06575 0.09912 0.05925 0.09424 0.03902 0.08545 0.02312 0.07959 0.01590 0.08887 0.00361 0.10791 0.00723 0.15723 0.00506 0.16357 0.00578 0.21289 0.00361 0.22266 0.00361 0.23584 0.00578 0.24707 0.00361 0.28857 0.01734 0.29297 0.03107 0.29883 0.03251 0.29639 0.03902 0.31152 0.04263 0.33105 0.05275 0.33936 0.07370 0.35498 0.10549 0.35254 0.11199 0.34570 0.11199 0.34229 0.10838 0.33008 0.09176 0.33008 0.08743 0.32617 0.08454 0.31104 0.08092 0.30664 0.07153 0.29980 0.07298 0.30225 0.08237 0.30029 0.08960 0.28711 0.09176 0.27490 0.08526 0.27344 0.07731 0.26611 0.08092 0.27930 0.10477 0.26855 0.10332 0.26172 0.09610 0.25342 0.09827 0.26367 0.10766 0.25488 0.11344 0.24609 0.10043 0.24561 0.11127 0.24365 0.12428 0.25928 0.13584 0.26025 0.15173 0.25195 0.15535 0.24414 0.14523 0.25342 0.14017 0.24023 0.13512 0.23975 0.15173 0.22656 0.14379 0.23145 0.15679 0.22607 0.15896 0.21094 0.17413
0 0.09180 0.95737 0.05908 0.92052 0.06885 0.89162 0.07080 0.84538 0.04980 0.83309 0.04395 0.80419 0.03467 0.78902 0.03564 0.76445 0.04980 0.74494 0.10156 0.74928 0.14844 0.71460 0.17334 0.73266 0.20215 0.72038 0.22607 0.72832 0.21924 0.75145 0.21826 0.78324 0.20459 0.76734 0.17041 0.76012 0.18408 0.76012 0.18701 0.80491 0.20410 0.80130 0.22852 0.81286 0.24023 0.82298 0.24561 0.85116 0.25391 0.84032 0.25439 0.86850 0.27197 0.89162 0.28613 0.90246 0.28711 0.88512 0.27686 0.87717 0.29443 0.87572 0.28418 0.84321 0.28174 0.81792 0.26904 0.81069 0.28613 0.81142 0.29004 0.82009 0.30273 0.83165 0.30664 0.83743 0.31885 0.83526 0.31934 0.82587 0.32178 0.87572 0.31982 0.93497 0.30371 0.90101 0.30811 0.93786 0.26953 0.93136 0.25049 0.91329 0.24463 0.90751 0.23730 0.91980 0.23438 0.93136 0.22021 0.89884 0.20996 0.89523 0.20361 0.90607 0.18701 0.92630 0.17529 0.90751 0.16455 0.86850 0.15674 0.88295 0.15186 0.89884 0.14990 0.82225 0.14795 0.82948 0.14697 0.88006 0.14062 0.92847 0.11670 0.93786 0.09180 0.95737
