0 0.67773 0.50506 0.64258 0.50506 0.62598 0.49928 0.61768 0.48988 0.61182 0.47399 0.60889 0.45954 0.60889 0.44798 0.62207 0.43714 0.64453 0.41402 0.66504 0.40390 0.69922 0.40390 0.71289 0.41113 0.72217 0.42341 0.72510 0.43208 0.72510 0.46821 0.72119 0.47254 0.71973 0.47760 0.71680 0.47760 0.68652 0.50072 0.67773 0.50506
0 0.64062 0.68280 0.61914 0.67991 0.61475 0.67341 0.61182 0.65896 0.61279 0.62283 0.62549 0.58237 0.63379 0.56720 0.63867 0.56431 0.64355 0.55708 0.65137 0.55564 0.65723 0.55997 0.66113 0.55853 0.67822 0.52890 0.68799 0.50289 0.69434 0.49494 0.70020 0.49205 0.71289 0.47905 0.72070 0.47616 0.72021 0.47110 0.72363 0.46171 0.73486 0.47543 0.73779 0.48410 0.73877 0.49422 0.73486 0.51879 0.72998 0.53757 0.71240 0.56647 0.70850 0.57803 0.68506 0.62139 0.67236 0.64884 0.65820 0.67124 0.65234 0.67702 0.64062 0.68280
0 0.68945 0.69725 0.67480 0.69292 0.67041 0.68208 0.67334 0.66908 0.67773 0.66402 0.68066 0.66402 0.68408 0.65751 0.68115 0.65318 0.68506 0.64884 0.68506 0.63006 0.68896 0.62572 0.69189 0.61416 0.69580 0.60983 0.69482 0.60694 0.69873 0.59682 0.71045 0.57948 0.71289 0.57153 0.71680 0.57153 0.72266 0.55853 0.73340 0.54841 0.74414 0.54697 0.74854 0.55347 0.75049 0.56069 0.75342 0.59682 0.74365 0.63295 0.72803 0.66329 0.72607 0.67052 0.72070 0.67847 0.70215 0.69292 0.68945 0.69725
0 0.72070 0.75217 0.71094 0.75217 0.70752 0.74855 0.70459 0.73844 0.70361 0.72688 0.70557 0.71532 0.72412 0.68786 0.72607 0.68208 0.72607 0.67197 0.73682 0.65029 0.73975 0.64017 0.74658 0.62861 0.75439 0.59538 0.76562 0.58165 0.77539 0.57587 0.78320 0.57587 0.78906 0.57876 0.79736 0.59393 0.80127 0.60983 0.80029 0.62572 0.79346 0.65462 0.77979 0.68642 0.75000 0.73194 0.73730 0.74494 0.72070 0.75217
0 0.78516 0.54263 0.77246 0.54263 0.76562 0.53974 0.75488 0.52240 0.75049 0.52168 0.75244 0.51734 0.75049 0.51445 0.75439 0.51156 0.75537 0.50578 0.75293 0.50361 0.74756 0.50578 0.74756 0.50289 0.75342 0.49277 0.75439 0.47543 0.74756 0.44942 0.74854 0.43931 0.75049 0.43353 0.75635 0.42775 0.75732 0.42052 0.76465 0.40679 0.77344 0.40390 0.78613 0.40824 0.79541 0.42486 0.79932 0.43786 0.80029 0.45809 0.80420 0.48266 0.79932 0.52168 0.79346 0.53468 0.78516 0.54263
0 0.80664 0.92124 0.79883 0.92124 0.79102 0.91691 0.78662 0.91329 0.78271 0.90462 0.78369 0.87428 0.79150 0.85260 0.79443 0.83815 0.80908 0.81358 0.81104 0.80491 0.81543 0.79986 0.82227 0.79697 0.82715 0.78685 0.84668 0.78396 0.85938 0.78974 0.86865 0.80202 0.86865 0.82514 0.86670 0.84104 0.86475 0.84538 0.86768 0.85405 0.86963 0.85549 0.86963 0.86127 0.85840 0.87500 0.84961 0.88078 0.84473 0.88945 0.83936 0.89451 0.83887 0.89957 0.82617 0.90679 0.81738 0.91691 0.80664 0.92124
0 0.67773 0.83165 0.67090 0.83165 0.65625 0.82153 0.65186 0.81647 0.64941 0.80853 0.62207 0.78396 0.61816 0.78251 0.60889 0.77023 0.60400 0.75867 0.60303 0.74855 0.60986 0.71821 0.61621 0.70882 0.62695 0.70159 0.63867 0.70159 0.68652 0.72905 0.70947 0.75434 0.71045 0.76156 0.70850 0.76734 0.70654 0.79046 0.69531 0.81142 0.68066 0.83020 0.67773 0.83165
0 0.67773 0.95592 0.67578 0.95592 0.67285 0.95014 0.66406 0.94147 0.65723 0.94436 0.64453 0.95448 0.63867 0.95448 0.63281 0.94725 0.62305 0.94003 0.61523 0.93136 0.61035 0.92269 0.60352 0.91691 0.59229 0.89884 0.58350 0.87717 0.57959 0.86272 0.57764 0.84249 0.57568 0.83671 0.56738 0.82442 0.55615 0.81503 0.55322 0.80058 0.55322 0.78757 0.55664 0.78251 0.56250 0.77962 0.56934 0.76951 0.58301 0.76806 0.59277 0.77384 0.59570 0.77818 0.60938 0.77818 0.61328 0.78396 0.62207 0.78829 0.62793 0.79552 0.64209 0.81792 0.64502 0.82948 0.65088 0.84104 0.66650 0.88728 0.67041 0.91185 0.66943 0.93208 0.67822 0.94942 0.67773 0.95592
0 0.42871 0.39379 0.38086 0.39090 0.37598 0.38801 0.34961 0.38223 0.33789 0.37645 0.33203 0.36922 0.32129 0.36199 0.31689 0.35549 0.31689 0.33526 0.32812 0.31575 0.34375 0.30853 0.37598 0.30997 0.38965 0.30708 0.41504 0.30708 0.44727 0.31864 0.45898 0.32876 0.46436 0.33671 0.46729 0.36705 0.45703 0.37934 0.44629 0.38801 0.42871 0.39379
0 0.49316 0.65246 0.48730 0.65246 0.45947 0.61416 0.45752 0.58815 0.45752 0.53613 0.45557 0.53324 0.45264 0.51879 0.45361 0.51012 0.45654 0.50578 0.45459 0.50289 0.45459 0.49422 0.45654 0.49133 0.45557 0.48699 0.45752 0.48266 0.45557 0.47832 0.45898 0.47327 0.46777 0.47182 0.47656 0.45014 0.49414 0.45303 0.50879 0.46171 0.51611 0.47110 0.51904 0.47832 0.52588 0.51012 0.52881 0.54335 0.53369 0.56358 0.53271 0.58092 0.52979 0.59393 0.53076 0.62717 0.52539 0.63512 0.51758 0.64090 0.49316 0.65246
0 0.56836 0.62355 0.55664 0.61922 0.54980 0.61199 0.53955 0.59682 0.53467 0.58382 0.53662 0.54046 0.53271 0.53468 0.53271 0.51734 0.54834 0.48266 0.55371 0.47760 0.55859 0.46893 0.56152 0.46749 0.56641 0.46749 0.58203 0.48483 0.58350 0.48988 0.59229 0.50289 0.59424 0.51012 0.59424 0.55202 0.58936 0.58960 0.58350 0.60549 0.56836 0.62355
0 0.45605 0.71026 0.42676 0.71026 0.40918 0.70592 0.39453 0.70592 0.37305 0.70159 0.35547 0.69436 0.34424 0.67919 0.33936 0.66474 0.33936 0.65607 0.34424 0.64451 0.34229 0.63584 0.34521 0.63006 0.34473 0.62789 0.34082 0.62645 0.33936 0.62139 0.34961 0.61199 0.36621 0.61344 0.38184 0.60621 0.40039 0.60332 0.41699 0.61488 0.44727 0.62211 0.45605 0.61922 0.45996 0.62500 0.46387 0.62500 0.47070 0.63078 0.48145 0.64957 0.48730 0.65535 0.49023 0.65535 0.49365 0.66040 0.49365 0.66329 0.48877 0.67775 0.47266 0.70737 0.45605 0.71026
0 0.51953 0.91980 0.50293 0.91980 0.49414 0.91546 0.48779 0.89740 0.48877 0.88873 0.48096 0.87428 0.47412 0.85405 0.47314 0.81358 0.47705 0.80636 0.47510 0.79769 0.47607 0.77168 0.48535 0.75650 0.49023 0.75361 0.49219 0.74783 0.51172 0.75217 0.52051 0.75939 0.53076 0.77601 0.53760 0.80347 0.53857 0.81792 0.54346 0.84538 0.54346 0.85694 0.55420 0.86850 0.55420 0.87428 0.54541 0.89306 0.53320 0.91113 0.51953 0.91980
0 0.44238 0.96171 0.43555 0.96026 0.42334 0.94220 0.41748 0.92919 0.41748 0.91329 0.41943 0.90607 0.42041 0.88295 0.41846 0.87139 0.41650 0.86850 0.41650 0.82803 0.41260 0.80347 0.41260 0.79046 0.41455 0.78324 0.40967 0.77312 0.40967 0.76590 0.41797 0.74783 0.42578 0.74783 0.43262 0.75795 0.44238 0.75939 0.44922 0.76373 0.45605 0.77529 0.46826 0.78902 0.47314 0.80058 0.47217 0.81647 0.46924 0.82659 0.46924 0.84538 0.47412 0.88150 0.47314 0.92341 0.46533 0.94220 0.46338 0.95087 0.45996 0.95592 0.45605 0.95882 0.44727 0.95882 0.44238 0.96171
0 0.49805 0.31720 0.48730 0.31720 0.47559 0.31142 0.47119 0.30202 0.46729 0.28468 0.46729 0.27601 0.47314 0.25289 0.47510 0.25000 0.47607 0.22977 0.48096 0.19798 0.48682 0.18642 0.48584 0.17630 0.49268 0.15462 0.49902 0.14812 0.51172 0.14812 0.51758 0.15246 0.52295 0.16040 0.53076 0.17919 0.53174 0.20087 0.52588 0.21676 0.52197 0.22254 0.52197 0.22977 0.52783 0.24133 0.53076 0.25145 0.53076 0.25723 0.52002 0.29335 0.50391 0.31431 0.49805 0.31720
0 0.33691 0.83309 0.33105 0.83309 0.31738 0.82298 0.30908 0.81214 0.30713 0.79913 0.31104 0.78035 0.31592 0.76590 0.33057 0.73699 0.33154 0.72977 0.32959 0.71676 0.33496 0.70737 0.33789 0.70737 0.34082 0.70159 0.34863 0.70303 0.35352 0.69870 0.37207 0.70303 0.38135 0.71532 0.38623 0.73410 0.38623 0.74133 0.37939 0.75723 0.37744 0.77312 0.37158 0.79046 0.35059 0.82009 0.33691 0.83309
0 0.26855 0.84032 0.26123 0.83237 0.25537 0.81503 0.25342 0.80202 0.25928 0.78757 0.26807 0.75434 0.27002 0.72543 0.27393 0.70376 0.27393 0.68642 0.28809 0.66546 0.29492 0.66113 0.30371 0.65968 0.31348 0.66691 0.32275 0.68497 0.32568 0.69509 0.32666 0.71532 0.33057 0.73266 0.32861 0.73988 0.31396 0.76734 0.31006 0.77890 0.30811 0.79191 0.29834 0.82081 0.28613 0.83598 0.26855 0.84032
0 0.35742 0.99783 0.33398 0.99783 0.32422 0.99494 0.31689 0.98555 0.31689 0.97832 0.31982 0.97543 0.31787 0.97254 0.31982 0.96965 0.31885 0.96387 0.32373 0.95231 0.32373 0.94798 0.33350 0.91908 0.33545 0.90318 0.33447 0.89884 0.33936 0.89451 0.35205 0.86705 0.37500 0.83165 0.38770 0.82153 0.39746 0.82009 0.40332 0.82442 0.40674 0.83092 0.41260 0.86416 0.41260 0.87139 0.40771 0.88584 0.40381 0.93353 0.39307 0.96243 0.38379 0.97760 0.37695 0.98627 0.36328 0.99639 0.35742 0.99783
0 0.23145 0.81431 0.22070 0.81431 0.21143 0.80636 0.20850 0.79913 0.20850 0.78324 0.20459 0.76301 0.20557 0.71821 0.20752 0.70954 0.20752 0.67775 0.22949 0.64523 0.24707 0.65101 0.26172 0.66546 0.27002 0.68353 0.27295 0.70231 0.26904 0.72543 0.26709 0.75145 0.26318 0.77168 0.25928 0.78324 0.24902 0.80564 0.24121 0.81142 0.23145 0.81431
0 0.10547 0.95592 0.09473 0.95014 0.09326 0.94364 0.09912 0.92630 0.09521 0.91763 0.08936 0.89162 0.08936 0.88006 0.09229 0.87283 0.09131 0.86416 0.07178 0.83526 0.06885 0.82659 0.07080 0.81358 0.07080 0.79191 0.07471 0.76301 0.08154 0.74277 0.09082 0.73194 0.10254 0.73194 0.12012 0.73627 0.13281 0.74205 0.13916 0.75000 0.14209 0.75723 0.14111 0.76734 0.14404 0.80636 0.15479 0.83382 0.15479 0.84249 0.15186 0.85694 0.13916 0.88006 0.13818 0.90318 0.13525 0.90751 0.13037 0.92630 0.12695 0.92558 0.12256 0.93064 0.11963 0.94509 0.11523 0.95159 0.10547 0.95592
0 0.18164 0.92269 0.18018 0.92052 0.17920 0.90751 0.17432 0.90173 0.17285 0.89668 0.16113 0.90246 0.15332 0.89957 0.14209 0.88873 0.14404 0.88439 0.14209 0.88006 0.15283 0.85983 0.15674 0.83960 0.15674 0.83092 0.14990 0.80202 0.14990 0.79335 0.15186 0.78757 0.15723 0.78107 0.16113 0.77818 0.17383 0.77529 0.18555 0.77529 0.20020 0.78685 0.20459 0.79335 0.20654 0.80058 0.20557 0.81503 0.21045 0.84393 0.21045 0.86127 0.20752 0.87861 0.20752 0.89884 0.20215 0.90824 0.19531 0.91546 0.18164 0.92269
0 0.90723 0.98627 0.88232 0.97399 0.86182 0.91908 0.84863 0.88512 0.83105 0.78540 0.79248 0.83382 0.77783 0.86850 0.75049 0.90607 0.74902 0.93714 0.72656 0.94292 0.70703 0.96026 0.68848 0.96460 0.66357 0.87283 0.64062 0.80419 0.69678 0.81358 0.73730 0.74350 0.78174 0.67630 0.79541 0.58237 0.81104 0.58382 0.80957 0.55564 0.82715 0.54118 0.83496 0.51517 0.84277 0.53396 0.83887 0.51517 0.83496 0.49205 0.86328 0.48338 0.88525 0.48555 0.87891 0.45014 0.86475 0.45954 0.84375 0.45592 0.83740 0.46676 0.82373 0.46098 0.82031 0.44147 0.80518 0.44798 0.81250 0.45014 0.81592 0.46965 0.80127 0.46676 0.80762 0.42702 0.84229 0.38873 0.86328 0.41257 0.89648 0.42847 0.91748 0.41329 0.92920 0.43353 0.93213 0.48266 0.93018 0.51590 0.91943 0.55202 0.93311 0.57081 0.93066 0.56142 0.94678 0.58526 0.95068 0.60983 0.95264 0.64884 0.94922 0.67413 0.94580 0.69075 0.94678 0.72543 0.93408 0.75000 0.93848 0.77240 0.93262 0.81142 0.93994 0.79046 0.95410 0.82009 0.95068 0.83960 0.93359 0.84032 0.92334 0.84827 0.91895 0.86199 0.90039 0.85621 0.89355 0.90101 0.89795 0.93208 0.90576 0.97254
0 0.54297 0.48627 0.53418 0.47760 0.53809 0.46604 0.53906 0.46171 0.54736 0.45665 0.53857 0.44075 0.54443 0.43497 0.54834 0.42486 0.55225 0.41474 0.56006 0.40607 0.56299 0.38728 0.56152 0.35910 0.52783 0.36416 0.51465 0.36922 0.50928 0.37283 0.50488 0.35910 0.50049 0.37283 0.49854 0.39017 0.49365 0.39017 0.49316 0.40824 0.48877 0.42197 0.48291 0.44075 0.48828 0.45303 0.47607 0.44220 0.47900 0.42775 0.48291 0.40029 0.48877 0.39740 0.47998 0.37861 0.47803 0.36416 0.47217 0.36850 0.47070 0.35766 0.47559 0.35043 0.48340 0.33165 0.48877 0.32081 0.49414 0.30997 0.50098 0.31286 0.51562 0.31864 0.52637 0.30997 0.53711 0.29986 0.55225 0.29480 0.56348 0.29408 0.56299 0.28324 0.56299 0.27023 0.55859 0.26084 0.56348 0.25217 0.56885 0.25145 0.57764 0.25867 0.58545 0.26590 0.57959 0.27023 0.58936 0.27457 0.58398 0.28396 0.57861 0.29046 0.58105 0.30419 0.58447 0.30925 0.59131 0.32659 0.57568 0.35549 0.56494 0.42486 0.55518 0.44798 0.54932 0.45954 0.55420 0.47543 0.56006 0.47977 0.54785 0.48483 0.54297 0.48627
0 0.34277 0.60766 0.32812 0.60621 0.32373 0.59249 0.32178 0.59104 0.32178 0.58526 0.31836 0.58454 0.31689 0.58671 0.31689 0.58237 0.31201 0.56792 0.31299 0.53035 0.31006 0.51734 0.30322 0.51445 0.30518 0.49711 0.31006 0.48266 0.30664 0.47905 0.30371 0.48194 0.30127 0.47977 0.30273 0.47471 0.30713 0.47254 0.30469 0.46604 0.29395 0.45448 0.28906 0.45737 0.28760 0.45231 0.29004 0.44870 0.30664 0.44725 0.31738 0.44003 0.32520 0.43858 0.33496 0.42702 0.34473 0.42413 0.36230 0.42558 0.36914 0.43280 0.37891 0.43136 0.38232 0.44364 0.37939 0.45087 0.37939 0.45520 0.36621 0.47471 0.35693 0.48266 0.35693 0.48699 0.35986 0.49277 0.35791 0.51012 0.36230 0.52384 0.36768 0.51879 0.36768 0.51012 0.36914 0.50795 0.37158 0.51012 0.37158 0.51734 0.37305 0.51951 0.37598 0.51084 0.37842 0.51301 0.37988 0.51951 0.38135 0.51734 0.38037 0.51445 0.38379 0.51228 0.38428 0.52168 0.38037 0.52601 0.38037 0.53613 0.37842 0.53902 0.37842 0.54480 0.37598 0.55130 0.37451 0.54046 0.37646 0.53757 0.37354 0.53468 0.37305 0.52818 0.37158 0.53324 0.36865 0.53613 0.36768 0.54046 0.36963 0.54480 0.36670 0.54769 0.36670 0.55347 0.35742 0.56286 0.35010 0.57514 0.35010 0.58526 0.35205 0.58671 0.35010 0.58815 0.34912 0.59971 0.34277 0.60766
0 0.00000 0.35910 0.00732 0.33671 0.00977 0.30708 0.01123 0.27168 0.01465 0.26084 0.02832 0.27384 0.04248 0.25867 0.02490 0.21532 0.02490 0.17197 0.03662 0.15029 0.02344 0.15101 0.03711 0.12211 0.04346 0.10983 0.05127 0.09104 0.03711 0.07587 0.01758 0.07731 0.03418 0.06431 0.01270 0.03829 0.01270 0.01806 0.03418 0.02240 0.05225 0.00867 0.07617 0.00795 0.09473 0.00361 0.11914 0.00795 0.12793 0.00361 0.15039 0.00361 0.17285 0.00795 0.19434 0.00361 0.20410 0.00795 0.22559 0.01806 0.23340 0.00361 0.25977 0.00795 0.28369 0.02023 0.28369 0.03035 0.25244 0.03902 0.26611 0.07081 0.26025 0.09827 0.25879 0.12500 0.25439 0.13150 0.26318 0.15173 0.25391 0.16980 0.24414 0.19147 0.17627 0.23988 0.19238 0.28107 0.19971 0.26734 0.21338 0.27890 0.18115 0.34393 0.20557 0.40607 0.18408 0.42919 0.18164 0.45592 0.16016 0.43136 0.15674 0.45231 0.14648 0.44870 0.12109 0.45448 0.12305 0.46460 0.12549 0.47977 0.11719 0.51662 0.05957 0.45882 0.01172 0.45592 0.01123 0.43786 0.00488 0.40101
0 0.22070 0.53396 0.21924 0.53324 0.22119 0.52890 0.21680 0.52240 0.21289 0.52529 0.20898 0.52384 0.20752 0.52168 0.20947 0.51734 0.20654 0.51445 0.20850 0.51012 0.20166 0.50578 0.20459 0.50000 0.20459 0.49566 0.19873 0.48699 0.20166 0.48410 0.20166 0.47977 0.19922 0.47616 0.18945 0.47760 0.18799 0.47543 0.19141 0.47038 0.19336 0.47038 0.19629 0.47471 0.20557 0.45231 0.19971 0.42919 0.20459 0.41474 0.21240 0.40462 0.21240 0.39306 0.20947 0.39017 0.20996 0.38656 0.18555 0.38656 0.18457 0.38367 0.18213 0.38295 0.18311 0.37861 0.18018 0.37572 0.18115 0.37139 0.17822 0.36705 0.17822 0.36272 0.18115 0.34538 0.18994 0.32514 0.18799 0.32081 0.19189 0.30202 0.19775 0.29624 0.19922 0.28974 0.20605 0.28974 0.21094 0.28540 0.21387 0.28540 0.21582 0.27962 0.21826 0.28035 0.21826 0.28468 0.21533 0.28613 0.21680 0.28829 0.21875 0.28540 0.22363 0.28829 0.22656 0.28396 0.23340 0.28251 0.23145 0.27673 0.21680 0.27818 0.21533 0.27601 0.21777 0.27095 0.22168 0.26951 0.22266 0.26662 0.23145 0.26662 0.23438 0.26806 0.23730 0.27384 0.24121 0.27240 0.24414 0.28107 0.25195 0.28251 0.25488 0.28540 0.26855 0.28685 0.27002 0.29624 0.26807 0.29769 0.27100 0.30491 0.26904 0.30925 0.27197 0.31358 0.27002 0.31647 0.27100 0.32081 0.26611 0.34393 0.25439 0.35983 0.25439 0.36416 0.25195 0.36777 0.24268 0.37139 0.24170 0.38295 0.23877 0.38728 0.23975 0.39017 0.23779 0.40173 0.23877 0.41908 0.24170 0.42630 0.23779 0.43353 0.23877 0.43931 0.23438 0.44581 0.22266 0.45159 0.21533 0.45231 0.21729 0.45376 0.21729 0.45954 0.21436 0.46243 0.21533 0.47543 0.21338 0.47977 0.21533 0.49277 0.21289 0.49783 0.20898 0.49928 0.20850 0.50289 0.21094 0.50361 0.21289 0.49928 0.22119 0.50867 0.22461 0.51951 0.22900 0.52168 0.22754 0.52384 0.22363 0.52384 0.22314 0.52601 0.22510 0.52890 0.22363 0.53251 0.22070 0.53396
0 0.38086 0.30853 0.36035 0.30853 0.34766 0.30564 0.34863 0.30275 0.35303 0.30202 0.35156 0.29986 0.34766 0.30130 0.34570 0.29552 0.33936 0.29046 0.33643 0.28035 0.33740 0.27023 0.33545 0.26012 0.33105 0.26228 0.32422 0.25506 0.31250 0.25361 0.31006 0.24855 0.31201 0.24422 0.31104 0.22832 0.31348 0.22327 0.31689 0.22110 0.31689 0.21676 0.32178 0.20809 0.32178 0.19798 0.30908 0.17052 0.31055 0.16691 0.32031 0.15824 0.32324 0.15824 0.33496 0.14957 0.34375 0.13367 0.35352 0.12934 0.35498 0.12717 0.35498 0.11705 0.35791 0.11272 0.35693 0.10838 0.35938 0.10043 0.36523 0.10477 0.36914 0.10188 0.37646 0.10983 0.37744 0.11994 0.38135 0.12428 0.38135 0.12861 0.37842 0.13295 0.38379 0.13512 0.38525 0.14017 0.38525 0.15462 0.38232 0.15896 0.38135 0.17486 0.37744 0.18642 0.37939 0.18931 0.37842 0.19364 0.38232 0.19798 0.38330 0.20376 0.37598 0.20592 0.37598 0.20159 0.37158 0.20520 0.37158 0.22110 0.36768 0.22543 0.37061 0.22832 0.36865 0.23266 0.37305 0.23627 0.38037 0.23121 0.38037 0.21965 0.37891 0.21893 0.37793 0.22182 0.37451 0.22110 0.37744 0.21676 0.37549 0.21532 0.37549 0.21243 0.38477 0.20592 0.38525 0.20954 0.38232 0.21676 0.38477 0.21460 0.38818 0.21532 0.38525 0.23121 0.38525 0.24422 0.39111 0.25145 0.38818 0.25578 0.39258 0.26084 0.39404 0.25867 0.39209 0.25723 0.39209 0.25434 0.39502 0.25145 0.39209 0.25000 0.39209 0.24566 0.39355 0.24494 0.39795 0.25145 0.39795 0.26156 0.39502 0.26301 0.39844 0.26517 0.40088 0.27023 0.40088 0.27601 0.39795 0.27890 0.39795 0.28179 0.39355 0.28251 0.39014 0.28613 0.39404 0.30636 0.38086 0.30853
0 0.82031 0.44147 0.80225 0.43208 0.79053 0.41329 0.77100 0.39451 0.77295 0.38006 0.76172 0.38656 0.74219 0.39379 0.73975 0.36705 0.75244 0.36705 0.75488 0.35332 0.77393 0.35116 0.76855 0.32587 0.78564 0.31647 0.77002 0.31358 0.76807 0.29335 0.77881 0.27168 0.76318 0.27457 0.74902 0.28396 0.74268 0.30925 0.74805 0.33454 0.73145 0.36199 0.69238 0.33454 0.68604 0.32225 0.68213 0.29769 0.67676 0.28396 0.68311 0.27457 0.70020 0.27962 0.71143 0.26012 0.71289 0.23483 0.70166 0.20809 0.67725 0.17197 0.67627 0.11705 0.67871 0.09465 0.69238 0.09032 0.71777 0.09610 0.73682 0.11705 0.73584 0.14017 0.76465 0.15246 0.77539 0.12789 0.77588 0.14451 0.77930 0.19436 0.78223 0.16546 0.79883 0.16546 0.80664 0.17269 0.80811 0.15607 0.83936 0.10116 0.84961 0.08743 0.85840 0.10621 0.85938 0.12934 0.85498 0.15029 0.85791 0.20665 0.88037 0.23121 0.85645 0.27095 0.82568 0.29335 0.81885 0.32803 0.80664 0.33598 0.82031 0.35477 0.84180 0.36199 0.84082 0.37789 0.84229 0.40607 0.83496 0.42702 0.82178 0.43642
0 0.80859 0.59321 0.77930 0.57153 0.78125 0.53540 0.79492 0.52673 0.80713 0.50578 0.80469 0.47760 0.79590 0.43569 0.78906 0.41402 0.75244 0.39017 0.75488 0.42124 0.74951 0.41185 0.72510 0.40896 0.71191 0.40824 0.69824 0.38945 0.69678 0.35983 0.70605 0.34899 0.68848 0.33020 0.66846 0.30636 0.66260 0.29480 0.67871 0.27095 0.68848 0.26517 0.70264 0.27457 0.71289 0.24639 0.70166 0.22110 0.68555 0.18425 0.67334 0.11705 0.67627 0.08815 0.67871 0.05708 0.68701 0.08092 0.69922 0.08309 0.71826 0.08815 0.73584 0.10549 0.75098 0.14812 0.76562 0.12789 0.78027 0.13801 0.79199 0.14379 0.81299 0.13584 0.82178 0.11994 0.83154 0.08237 0.84863 0.07009 0.86523 0.04263 0.87305 0.04697 0.89697 0.04046 0.88525 0.03179 0.90283 0.03179 0.90820 0.05708 0.91553 0.04769 0.92139 0.02746 0.92041 0.07081 0.93066 0.09176 0.93896 0.12717 0.94580 0.17052 0.92725 0.19653 0.93164 0.24061 0.91504 0.26084 0.91064 0.26012 0.87646 0.29046 0.88135 0.32948 0.86914 0.41113 0.85303 0.46676 0.84131 0.50578 0.83789 0.53974 0.81689 0.58382
0 0.05957 0.97038 0.04004 0.96460 0.02148 0.96315 0.01416 0.95376 0.01807 0.92630 0.02832 0.91257 0.03223 0.90968 0.02686 0.90751 0.03125 0.90535 0.02734 0.90101 0.02490 0.89451 0.02148 0.88656 0.01660 0.88512 0.00488 0.87789 0.00635 0.86850 0.01074 0.85477 0.01123 0.85983 0.01855 0.86055 0.02002 0.85260 0.02148 0.84465 0.04004 0.84610 0.03760 0.82659 0.03955 0.82225 0.03760 0.81792 0.02441 0.80130 0.01904 0.79046 0.02588 0.77601 0.02295 0.77168 0.02393 0.76445 0.02295 0.75723 0.01367 0.75506 0.01611 0.76012 0.01025 0.76012 0.01562 0.75072 0.01172 0.74494 0.01025 0.73988 0.00977 0.73627 0.00732 0.72977 0.00635 0.72110 0.00439 0.71098 0.00537 0.68353 0.00342 0.67197 0.00439 0.66474 0.00635 0.65173 0.00342 0.64162 0.01416 0.64740 0.01318 0.65607 0.01758 0.65390 0.04395 0.65824 0.04785 0.65679 0.06250 0.66113 0.07715 0.67702 0.08643 0.68208 0.08740 0.69942 0.09229 0.72110 0.09131 0.72977 0.08838 0.74277 0.08301 0.74639 0.07861 0.75000 0.07568 0.76445 0.07275 0.77890 0.07178 0.79335 0.07471 0.80347 0.06982 0.81503 0.06689 0.83382 0.06738 0.84032 0.07031 0.82876 0.07275 0.83815 0.08057 0.84971 0.07568 0.85694 0.07715 0.86488 0.08154 0.84971 0.08789 0.84610 0.08887 0.85332 0.09326 0.86705 0.08740 0.88728 0.08398 0.89379 0.07910 0.89668 0.06104 0.91474 0.06104 0.93786 0.06494 0.96387
0 0.27930 0.62789 0.27539 0.62355 0.27148 0.62789 0.26416 0.62572 0.26514 0.61416 0.26221 0.60260 0.26172 0.59032 0.25928 0.59393 0.24951 0.60260 0.24609 0.60043 0.22656 0.59321 0.21680 0.58887 0.21143 0.58815 0.21973 0.57153 0.22607 0.56358 0.22510 0.55636 0.21582 0.55419 0.21436 0.54335 0.20752 0.54046 0.20752 0.54769 0.20752 0.55491 0.20605 0.61488 0.19824 0.60766 0.19238 0.60910 0.18848 0.60188 0.18311 0.58960 0.18604 0.57225 0.18311 0.53902 0.19238 0.51951 0.20557 0.51301 0.20166 0.50578 0.20361 0.48844 0.20117 0.47616 0.20361 0.46387 0.20801 0.45014 0.21533 0.45520 0.21289 0.46460 0.20752 0.46387 0.20996 0.47327 0.21533 0.47543 0.21094 0.47616 0.20654 0.48121 0.20752 0.48699 0.21338 0.48410 0.22021 0.50578 0.23145 0.51806 0.23828 0.51951 0.24072 0.51734 0.24219 0.50939 0.23828 0.50939 0.23389 0.50578 0.24316 0.49639 0.25098 0.50361 0.25439 0.50578 0.25488 0.51517 0.25146 0.52601 0.24854 0.53324 0.24512 0.53974 0.25195 0.55419 0.26611 0.57225 0.27441 0.58598 0.28662 0.59104 0.28369 0.60983 0.27930 0.62789
