0 0.69531 0.60043 0.68359 0.60043 0.66699 0.59465 0.65820 0.59465 0.65283 0.58671 0.64990 0.57370 0.65088 0.56792 0.64893 0.55636 0.64990 0.54046 0.65869 0.52457 0.65967 0.51879 0.66064 0.49855 0.65771 0.48844 0.66064 0.47977 0.66553 0.47543 0.66553 0.47110 0.66943 0.46676 0.67139 0.46098 0.67139 0.45665 0.67432 0.44942 0.67725 0.42486 0.69141 0.39957 0.70020 0.39234 0.71094 0.37934 0.72852 0.36922 0.76562 0.36922 0.77051 0.37355 0.78174 0.39162 0.78760 0.40751 0.79053 0.42197 0.79736 0.43786 0.79736 0.44942 0.79346 0.46243 0.79053 0.48699 0.75830 0.54046 0.75146 0.55780 0.74902 0.56864 0.73730 0.57731 0.72656 0.58887 0.71582 0.58743 0.69531 0.60043
0 0.62305 0.58020 0.61621 0.58020 0.61328 0.57731 0.60498 0.56503 0.60400 0.56069 0.59619 0.55058 0.59424 0.54046 0.59131 0.53613 0.59033 0.52890 0.58350 0.51301 0.58154 0.50000 0.58154 0.46821 0.57764 0.45231 0.57861 0.43786 0.57666 0.42630 0.57373 0.42341 0.57178 0.41763 0.57373 0.41040 0.56885 0.39884 0.56787 0.39017 0.56885 0.38584 0.57861 0.37139 0.58838 0.34971 0.61230 0.31286 0.63281 0.29697 0.64062 0.29263 0.64648 0.29263 0.65869 0.30925 0.66553 0.32803 0.67139 0.35260 0.66943 0.36561 0.67041 0.40462 0.66748 0.42919 0.66748 0.45231 0.66455 0.46532 0.66064 0.47110 0.66064 0.47399 0.65381 0.48699 0.65283 0.49422 0.64990 0.49855 0.64795 0.50723 0.64795 0.52168 0.64600 0.52601 0.64502 0.53613 0.64209 0.54191 0.63916 0.55925 0.63281 0.57587 0.62305 0.58020
0 0.49023 0.56286 0.47949 0.56142 0.46680 0.54697 0.46191 0.54552 0.45703 0.53974 0.45117 0.53829 0.44971 0.53613 0.45264 0.53324 0.45117 0.53107 0.44531 0.53107 0.44238 0.52529 0.43506 0.52168 0.43506 0.51734 0.43213 0.51445 0.42920 0.50434 0.42920 0.48266 0.42725 0.47977 0.42725 0.47254 0.42529 0.46821 0.42627 0.45665 0.42139 0.43642 0.42041 0.42052 0.41748 0.41329 0.41846 0.38584 0.41455 0.36272 0.41357 0.33237 0.41650 0.30058 0.41943 0.29046 0.42676 0.27673 0.44531 0.25795 0.45801 0.26228 0.47070 0.27095 0.48877 0.29191 0.49951 0.31503 0.50928 0.35116 0.51221 0.36850 0.51709 0.41185 0.51807 0.44798 0.52100 0.46532 0.52100 0.47977 0.51221 0.53035 0.49854 0.55636 0.49023 0.56286
0 0.43945 0.76951 0.42773 0.76951 0.41895 0.76662 0.40039 0.76806 0.39648 0.76084 0.38965 0.75650 0.36426 0.75072 0.35645 0.74639 0.34473 0.74639 0.33496 0.74205 0.31445 0.74205 0.30664 0.74639 0.30273 0.75361 0.29785 0.75795 0.28613 0.76228 0.27539 0.76228 0.26123 0.74133 0.26123 0.72110 0.26709 0.70954 0.26416 0.69220 0.25537 0.67919 0.25342 0.66618 0.25439 0.65896 0.26318 0.63439 0.26758 0.62934 0.28320 0.62211 0.28906 0.61633 0.30664 0.61199 0.33984 0.61199 0.37793 0.61633 0.39551 0.62355 0.42871 0.63078 0.45117 0.64234 0.46875 0.64668 0.47852 0.65535 0.48145 0.65535 0.48486 0.66185 0.48682 0.67486 0.49219 0.67847 0.49756 0.68642 0.50439 0.71821 0.50244 0.73844 0.49805 0.74639 0.48242 0.75072 0.46289 0.76084 0.45996 0.75939 0.44629 0.76806 0.43945 0.76951
0 0.60303 0.99566 0.54980 0.98483 0.52246 0.95014 0.50488 0.95882 0.52881 0.98410 0.46143 0.98699 0.46240 0.94798 0.45605 0.92124 0.47852 0.89379 0.43408 0.86850 0.45312 0.82298 0.44531 0.78974 0.45264 0.78324 0.48730 0.78685 0.50635 0.83382 0.48877 0.87428 0.51416 0.84827 0.50342 0.76012 0.51953 0.70592 0.54736 0.76445 0.55908 0.81069 0.57520 0.84321 0.59229 0.87283 0.60156 0.85910 0.60693 0.83382 0.56592 0.77601 0.53906 0.68569 0.52100 0.64884 0.52295 0.59538 0.50244 0.59827 0.51367 0.56575 0.51904 0.51012 0.56885 0.46676 0.60596 0.55636 0.64990 0.55202 0.71875 0.59176 0.76807 0.52601 0.79150 0.43786 0.76953 0.38367 0.73096 0.36272 0.76709 0.34104 0.77393 0.31647 0.81006 0.31358 0.82471 0.34393 0.82178 0.38006 0.83643 0.41474 0.85303 0.41908 0.85547 0.45882 0.85938 0.49205 0.84033 0.55491 0.87402 0.58020 0.87598 0.59321 0.88867 0.63223 0.89307 0.70231 0.88037 0.75578 0.85840 0.81720 0.84717 0.86994 0.85645 0.93136 0.86377 0.97399 0.81055 0.99061 0.73242 0.99494
0 0.85400 0.00000 0.87305 0.03396 0.87305 0.05275 0.88818 0.05058 0.88135 0.09393 0.88818 0.15029 0.87988 0.13801 0.87451 0.16329 0.89746 0.17124 0.91846 0.19075 0.90234 0.21893 0.89062 0.21749 0.87305 0.21460 0.86230 0.22327 0.83789 0.22471 0.85791 0.25578 0.87744 0.29046 0.88184 0.31720 0.89062 0.31864 0.87891 0.32731 0.88184 0.34610 0.86914 0.34176 0.86328 0.31575 0.86035 0.32298 0.84180 0.33165 0.82617 0.36199 0.83154 0.37139 0.80908 0.37717 0.79541 0.36416 0.80908 0.35549 0.81055 0.34176 0.79736 0.32659 0.78027 0.31575 0.75488 0.30997 0.74707 0.28974 0.74463 0.27890 0.73828 0.23772 0.70996 0.23194 0.71875 0.19725 0.72998 0.17052 0.74023 0.16113 0.72314 0.14017 0.72412 0.17630 0.70654 0.17341 0.69385 0.15607 0.68164 0.17847 0.66846 0.14017 0.68799 0.12861 0.66650 0.11850 0.67871 0.09321 0.68311 0.06503 0.67676 0.04552 0.67236 0.02168 0.68311 0.01734 0.69531 0.01084 0.68945 0.02529 0.69727 0.02962 0.69922 0.04841 0.70996 0.05564 0.70605 0.03829 0.72559 0.05275 0.75488 0.07442 0.76562 0.05708 0.76660 0.04118 0.76855 0.02962 0.78613 0.01228
0 0.57520 0.49639 0.54004 0.49350 0.52100 0.45954 0.51318 0.38006 0.50732 0.31792 0.51904 0.29480 0.51318 0.28179 0.50146 0.28179 0.49268 0.28035 0.48047 0.27095 0.49561 0.23988 0.48535 0.22327 0.47559 0.19436 0.47119 0.21821 0.46631 0.20520 0.44482 0.19364 0.45410 0.20303 0.43018 0.20376 0.41309 0.20737 0.40674 0.16618 0.40576 0.14162 0.39990 0.10694 0.40674 0.07803 0.42480 0.07298 0.44238 0.05564 0.44482 0.07948 0.46191 0.06720 0.45605 0.03396 0.48145 0.00939 0.49854 0.04046 0.49512 0.10043 0.49316 0.11488 0.48584 0.12572 0.48486 0.15607 0.49561 0.21098 0.49658 0.16185 0.50928 0.15896 0.51562 0.16402 0.53076 0.13295 0.50928 0.12139 0.52197 0.07659 0.54297 0.05130 0.56104 0.04335 0.58301 0.05708 0.59082 0.09465 0.61523 0.08020 0.63232 0.13006 0.63232 0.18208 0.62109 0.20014 0.60156 0.19292 0.56738 0.20592 0.55469 0.20448 0.54150 0.20376 0.55518 0.23988 0.56396 0.26879 0.56445 0.31575 0.56982 0.32370 0.56396 0.36705 0.57959 0.37428 0.58545 0.40607 0.57764 0.45665 0.58105 0.48194
0 0.19238 0.95737 0.16797 0.94292 0.15088 0.93931 0.15332 0.92847 0.14258 0.92413 0.13086 0.89523 0.11279 0.91329 0.09619 0.87139 0.09668 0.84754 0.11084 0.80636 0.13770 0.78251 0.13281 0.76517 0.10156 0.75361 0.07959 0.78035 0.06055 0.76228 0.04639 0.75289 0.07129 0.72182 0.07959 0.70665 0.09424 0.66040 0.09033 0.64017 0.08789 0.60766 0.07031 0.60766 0.07275 0.60405 0.06982 0.57948 0.05713 0.55202 0.04590 0.54118 0.04932 0.50145 0.06982 0.47110 0.08252 0.47254 0.09863 0.46604 0.09277 0.43858 0.11914 0.41402 0.10938 0.42558 0.09326 0.41763 0.09668 0.40824 0.08008 0.38945 0.11816 0.38945 0.15039 0.43280 0.17090 0.48049 0.17090 0.48772 0.17480 0.50939 0.20068 0.52457 0.19580 0.58671 0.20898 0.63078 0.21875 0.65101 0.20703 0.65390 0.18457 0.66980 0.19971 0.69798 0.18457 0.70592 0.17334 0.72110 0.16797 0.76951 0.18848 0.76228 0.20605 0.77962 0.18408 0.81069 0.20508 0.82153 0.20215 0.83309 0.21924 0.84393 0.20459 0.84104 0.21826 0.85549 0.19824 0.87500 0.19189 0.90318 0.20947 0.92919 0.20361 0.94653
0 0.12695 0.30853 0.12744 0.28613 0.11914 0.28396 0.11475 0.27601 0.12305 0.27673 0.11230 0.26951 0.10107 0.27023 0.09766 0.27384 0.10010 0.28324 0.09619 0.28902 0.09473 0.30275 0.08691 0.29408 0.09180 0.28829 0.08545 0.27457 0.09326 0.26301 0.09180 0.25506 0.08496 0.25506 0.07568 0.26301 0.06934 0.26951 0.07227 0.26517 0.07080 0.25578 0.06689 0.26012 0.06299 0.25434 0.06348 0.24061 0.07422 0.23916 0.07520 0.23916 0.06934 0.23916 0.07324 0.22760 0.08008 0.23049 0.08350 0.22110 0.08398 0.21460 0.07373 0.21676 0.07227 0.21893 0.06006 0.21821 0.05908 0.19798 0.06494 0.18642 0.07275 0.17919 0.06201 0.17341 0.07275 0.17052 0.07373 0.16185 0.07520 0.15101 0.07959 0.13150 0.08154 0.11272 0.07520 0.09465 0.07520 0.08598 0.08350 0.09538 0.09473 0.09899 0.10547 0.09754 0.11719 0.08743 0.12646 0.08092 0.12695 0.07731 0.13477 0.07009 0.14258 0.07731 0.13525 0.07803 0.15918 0.08454 0.16406 0.09610 0.18311 0.13006 0.18213 0.14740 0.18311 0.16329 0.17334 0.16329 0.17334 0.18931 0.17773 0.20448 0.19238 0.20737 0.19775 0.20809 0.20361 0.25145 0.20312 0.26806 0.19629 0.26228 0.18164 0.27529 0.17188 0.25361 0.16797 0.26084 0.16943 0.26879 0.16504 0.26806 0.15723 0.26373 0.15625 0.27240 0.15723 0.27529 0.15430 0.28685 0.14795 0.29046 0.13867 0.28974 0.12891 0.29408
0 0.00000 0.84321 0.04297 0.82876 0.09570 0.78540 0.13184 0.75650 0.17627 0.71243 0.18799 0.67197 0.15332 0.65679 0.12354 0.63006 0.16309 0.64668 0.14551 0.63801 0.11963 0.59538 0.13428 0.57514 0.12354 0.54046 0.10059 0.50650 0.09814 0.46676 0.11865 0.45809 0.13184 0.48916 0.14307 0.49422 0.15723 0.43858 0.19092 0.42197 0.16748 0.40896 0.12744 0.39884 0.15430 0.39234 0.18604 0.36416 0.22754 0.36488 0.19629 0.42847 0.25830 0.40896 0.30273 0.41257 0.30518 0.42630 0.33496 0.45303 0.30664 0.48338 0.27002 0.44509 0.24854 0.41618 0.29492 0.52673 0.28369 0.56792 0.31201 0.58815 0.36377 0.60260 0.37354 0.61416 0.30664 0.61199 0.25830 0.63150 0.28223 0.72471 0.28223 0.75361 0.29150 0.73266 0.38184 0.75795 0.38672 0.85188 0.38379 0.91402 0.39355 0.93569 0.36719 0.95882 0.32715 0.98338 0.24805 0.98916 0.18457 0.98772 0.13428 0.97977 0.12842 0.95665 0.12598 0.93714 0.12158 0.92775 0.09619 0.89162 0.07910 0.91113 0.09619 0.93353 0.07080 0.94653 0.06104 0.91185 0.04736 0.91908 0.02783 0.88006 0.02100 0.85694
0 0.99902 0.78107 0.94971 0.86850 0.94482 0.94220 0.87988 0.99783 0.74121 0.99061 0.45605 0.99494 0.24805 0.99061 0.13916 0.99277 0.09521 0.95809 0.05664 0.95448 0.01270 0.86922 0.07422 0.83598 0.12744 0.81792 0.16211 0.75795 0.19385 0.75723 0.19434 0.70014 0.25049 0.71387 0.34668 0.74783 0.40039 0.77962 0.39062 0.90679 0.43701 0.93642 0.45361 0.88150 0.42920 0.79913 0.50098 0.78540 0.51514 0.83382 0.50830 0.76301 0.53662 0.76879 0.54053 0.83092 0.59717 0.85983 0.59473 0.82298 0.54297 0.69436 0.49658 0.58671 0.51758 0.53251 0.56104 0.43353 0.61133 0.52818 0.64795 0.52601 0.71240 0.58671 0.79297 0.44003 0.76172 0.37789 0.67041 0.36416 0.58545 0.35838 0.56982 0.36416 0.56055 0.27962 0.52930 0.29408 0.51123 0.33237 0.43848 0.23916 0.50488 0.15101 0.59473 0.19003 0.70264 0.19364 0.76514 0.17052 0.83105 0.21026 0.84814 0.19075 0.87891 0.12211 0.90234 0.15679 0.89453 0.23916 0.87549 0.24277 0.94531 0.39957 0.96289 0.46460 0.90430 0.52962 0.93994 0.66185 0.90869 0.72110
0 0.11230 0.46893 0.10889 0.45087 0.10156 0.43569 0.09668 0.43858 0.10010 0.42486 0.08398 0.42413 0.08154 0.41763 0.08154 0.40607 0.08447 0.39451 0.07666 0.39451 0.07666 0.40896 0.07861 0.41908 0.07471 0.42486 0.08301 0.43136 0.08691 0.42702 0.09180 0.42847 0.09424 0.43642 0.08887 0.43858 0.08691 0.44003 0.08105 0.43425 0.07031 0.44003 0.06543 0.43858 0.04883 0.41835 0.03223 0.40535 0.02246 0.39957 0.01855 0.39234 0.01221 0.39162 0.00635 0.37572 0.00635 0.36272 0.00977 0.35332 0.01904 0.35116 0.01855 0.32876 0.00635 0.32948 0.01709 0.31647 0.01172 0.31864 0.00732 0.30491 0.01172 0.30130 0.00879 0.29263 0.00488 0.28685 0.00537 0.28468 0.01562 0.27240 0.01416 0.26734 0.01807 0.26156 0.02832 0.25795 0.03320 0.26084 0.02979 0.26734 0.02783 0.27168 0.04150 0.27601 0.04199 0.29408 0.05371 0.29841 0.06104 0.29480 0.07129 0.31142 0.07812 0.32731 0.08496 0.32731 0.09180 0.33454 0.09863 0.33309 0.10107 0.33815 0.10107 0.34249 0.09863 0.34899 0.11719 0.36488 0.12646 0.36272 0.12354 0.35694 0.13330 0.36705 0.13574 0.36922 0.13477 0.37789 0.12598 0.38078 0.13135 0.38295 0.12695 0.39090 0.12256 0.39306 0.12207 0.39957 0.12891 0.40679 0.14111 0.42630 0.14502 0.43497 0.13770 0.43858 0.13184 0.43858 0.13428 0.44509 0.12695 0.45448 0.12695 0.44725 0.11768 0.45231 0.11230 0.46893
0 0.33105 0.09610 0.32812 0.09176 0.32324 0.09321 0.32031 0.09032 0.31738 0.09465 0.31445 0.09176 0.31055 0.09465 0.30811 0.08960 0.31006 0.08526 0.30420 0.08237 0.30957 0.08020 0.31348 0.08165 0.31494 0.07803 0.31055 0.07876 0.30566 0.07587 0.30371 0.08165 0.29834 0.07370 0.30127 0.07081 0.29297 0.05997 0.28809 0.06864 0.28369 0.06647 0.28857 0.06358 0.28613 0.05997 0.27783 0.06214 0.28076 0.06503 0.28076 0.07081 0.28223 0.07298 0.28809 0.07298 0.28906 0.06864 0.28955 0.07370 0.28809 0.07587 0.26855 0.07442 0.27393 0.07081 0.27344 0.06142 0.27051 0.06142 0.26855 0.06864 0.26367 0.07009 0.25537 0.06647 0.25977 0.06431 0.26074 0.06142 0.26611 0.06214 0.26807 0.05491 0.26416 0.05058 0.26660 0.04986 0.26855 0.04552 0.27148 0.04986 0.27344 0.04986 0.27539 0.04697 0.27930 0.04841 0.28320 0.04408 0.28369 0.04769 0.28076 0.05202 0.28418 0.05708 0.28760 0.05636 0.28955 0.05058 0.28906 0.04697 0.29980 0.05708 0.30127 0.05491 0.30029 0.05202 0.30518 0.04335 0.29883 0.03829 0.29932 0.04335 0.29590 0.04697 0.29346 0.04335 0.29395 0.03829 0.29102 0.03829 0.28906 0.03396 0.28809 0.03685 0.28320 0.03540 0.28076 0.03179 0.28174 0.02890 0.28418 0.02962 0.28516 0.03396 0.28711 0.03396 0.28809 0.03107 0.29297 0.03251 0.29688 0.02818 0.30078 0.02962 0.30225 0.02457 0.29443 0.01734 0.29590 0.01373 0.29883 0.01662 0.30371 0.01373 0.30664 0.01806 0.31836 0.01806 0.32129 0.01951 0.32178 0.02312 0.32812 0.03251 0.33105 0.02818 0.33447 0.03468 0.33105 0.04841 0.32715 0.04118 0.32422 0.04986 0.32129 0.04118 0.31885 0.04769 0.32471 0.05347 0.32568 0.06069 0.32422 0.06720 0.32520 0.06431 0.32910 0.06431 0.33105 0.05997 0.33252 0.06358 0.33057 0.06647 0.33447 0.06792 0.33350 0.07803 0.33545 0.08382 0.33105 0.09610
