0 0.62500 0.60188 0.59375 0.60188 0.59033 0.59682 0.58936 0.59104 0.58936 0.58671 0.59229 0.57948 0.60010 0.56792 0.59473 0.55853 0.59033 0.55491 0.58350 0.53468 0.58350 0.51301 0.59131 0.48410 0.59619 0.47254 0.60547 0.45882 0.61621 0.45159 0.62500 0.44147 0.62988 0.43858 0.63623 0.42919 0.63721 0.42341 0.64258 0.41691 0.65137 0.41546 0.66309 0.40535 0.67871 0.40535 0.69238 0.39379 0.70215 0.38945 0.71973 0.39090 0.72656 0.38512 0.73438 0.38512 0.74512 0.37789 0.75391 0.37789 0.76904 0.39595 0.77979 0.42197 0.77979 0.43353 0.76904 0.45954 0.76709 0.46821 0.76709 0.48555 0.76270 0.49205 0.74414 0.50506 0.73438 0.51517 0.68359 0.55130 0.66504 0.57009 0.64355 0.59610 0.62500 0.60188
0 0.72949 0.77529 0.72168 0.77529 0.70996 0.76806 0.70166 0.75434 0.69775 0.74133 0.68799 0.72254 0.68604 0.71532 0.68799 0.70231 0.69580 0.69075 0.70654 0.66040 0.70801 0.65101 0.72754 0.64523 0.74316 0.63223 0.75391 0.61922 0.75879 0.61777 0.76074 0.61488 0.78418 0.60766 0.80469 0.60766 0.81250 0.61344 0.82422 0.61633 0.84473 0.63223 0.85791 0.64884 0.85693 0.66763 0.85400 0.68064 0.85010 0.68931 0.83203 0.71315 0.82227 0.72182 0.81348 0.73483 0.78320 0.74928 0.76367 0.76228 0.75781 0.76228 0.75586 0.76517 0.74609 0.76806 0.73828 0.77384 0.72949 0.77529
0 0.45898 0.53396 0.44531 0.53251 0.43945 0.52818 0.43018 0.51445 0.42432 0.49711 0.42236 0.48266 0.43506 0.44075 0.44385 0.42052 0.45850 0.40029 0.46338 0.38873 0.48877 0.35260 0.48975 0.34827 0.50391 0.32731 0.52637 0.30130 0.53809 0.29408 0.54297 0.29408 0.54688 0.29118 0.55273 0.27962 0.55762 0.27818 0.56396 0.29191 0.57471 0.30491 0.57666 0.31358 0.58154 0.32370 0.58057 0.34104 0.57666 0.35549 0.57568 0.36850 0.56787 0.39306 0.55127 0.43064 0.54346 0.44220 0.54346 0.44509 0.52393 0.47399 0.51709 0.48699 0.49268 0.52023 0.48828 0.53107 0.47168 0.53107 0.45898 0.53396
0 0.60254 0.87500 0.58496 0.87500 0.57422 0.86922 0.55469 0.83743 0.51953 0.79552 0.51025 0.77601 0.49365 0.75289 0.49072 0.74277 0.49805 0.73772 0.50342 0.72977 0.50439 0.71676 0.50879 0.69870 0.51172 0.69870 0.51270 0.69436 0.52246 0.69581 0.52490 0.68786 0.52930 0.68136 0.53516 0.67702 0.56152 0.68425 0.57910 0.69292 0.60449 0.71460 0.61328 0.72327 0.62744 0.74422 0.64014 0.77168 0.64600 0.79046 0.64893 0.81214 0.64795 0.82370 0.65088 0.83237 0.65088 0.83960 0.63965 0.84465 0.63379 0.85332 0.61035 0.87355 0.60254 0.87500
0 0.32129 0.72182 0.31641 0.72182 0.30664 0.71604 0.30273 0.71604 0.29199 0.70882 0.27930 0.70737 0.26074 0.70159 0.21191 0.67702 0.20020 0.66546 0.18555 0.65679 0.16797 0.63367 0.15137 0.62066 0.14600 0.61127 0.14502 0.59538 0.14893 0.58960 0.15381 0.57370 0.15576 0.55202 0.14551 0.53251 0.13379 0.53107 0.13232 0.52890 0.13818 0.51156 0.14062 0.51084 0.14355 0.51373 0.14941 0.52673 0.15625 0.53107 0.17969 0.52818 0.19141 0.52962 0.20020 0.53540 0.22070 0.53396 0.23828 0.55275 0.25586 0.56575 0.27539 0.57587 0.29395 0.58887 0.30566 0.59321 0.31055 0.59754 0.31934 0.59754 0.32715 0.60477 0.34180 0.60477 0.34912 0.61994 0.35791 0.65029 0.35791 0.67630 0.35547 0.68280 0.34814 0.68931 0.34717 0.69798 0.34473 0.70303 0.33789 0.70159 0.33203 0.71460 0.32129 0.72182
0 0.00000 0.43569 0.00146 0.43497 0.00439 0.40896 0.00732 0.40607 0.01318 0.39306 0.01807 0.37572 0.02197 0.36994 0.02490 0.35838 0.03076 0.34682 0.04150 0.31647 0.05469 0.29118 0.06641 0.28540 0.08496 0.28251 0.08789 0.29263 0.09375 0.29552 0.10596 0.30925 0.10986 0.32081 0.11182 0.33671 0.11475 0.34393 0.11279 0.35116 0.11084 0.39017 0.10498 0.42052 0.09912 0.43497 0.09033 0.47110 0.08936 0.48844 0.07471 0.52746 0.06738 0.53829 0.06348 0.53974 0.06152 0.54552 0.05371 0.55130 0.04297 0.55564 0.03906 0.55997 0.03223 0.55853 0.02051 0.56431 0.01318 0.58092 0.00781 0.58743 0.00488 0.58743 0.00244 0.58237 0.00146 0.56792 0.00244 0.48266 0.00146 0.47688 0.00000 0.47616
0 0.30664 0.99639 0.30078 0.99205 0.29785 0.99205 0.29590 0.99639 0.29395 0.99061 0.29102 0.99061 0.28613 0.98627 0.28223 0.98772 0.27246 0.97905 0.26953 0.97905 0.26416 0.97110 0.26318 0.96387 0.26807 0.93208 0.27295 0.91763 0.28809 0.89668 0.31055 0.87211 0.31836 0.86633 0.33691 0.86055 0.34570 0.85477 0.35938 0.85477 0.36426 0.85766 0.37012 0.85766 0.38477 0.86488 0.39600 0.88728 0.40674 0.90029 0.40771 0.90318 0.40527 0.90824 0.39355 0.91113 0.38818 0.92341 0.38916 0.93353 0.39697 0.95231 0.39697 0.95665 0.39355 0.96171 0.38281 0.96315 0.37891 0.96749 0.36914 0.97182 0.36230 0.97905 0.35547 0.98049 0.34668 0.98627 0.34180 0.98627 0.32715 0.99350 0.31152 0.99350 0.30664 0.99639
0 0.16113 0.18858 0.13770 0.18280 0.12891 0.18425 0.09961 0.18136 0.09180 0.17702 0.07129 0.17124 0.06445 0.16546 0.05859 0.16402 0.03857 0.14740 0.03564 0.12861 0.03760 0.11850 0.04443 0.10405 0.04980 0.09754 0.05469 0.09610 0.06348 0.10188 0.07031 0.10043 0.07471 0.09682 0.08008 0.08454 0.08496 0.08165 0.09082 0.08165 0.09570 0.07731 0.13672 0.08020 0.14551 0.08454 0.14502 0.09827 0.15430 0.11344 0.15820 0.11633 0.16699 0.11633 0.16797 0.11922 0.16895 0.11633 0.17285 0.11633 0.17285 0.12066 0.17871 0.12066 0.17822 0.11705 0.18262 0.11488 0.18604 0.11994 0.18896 0.13006 0.18994 0.14017 0.18311 0.15896 0.17627 0.16908 0.17529 0.17486 0.17236 0.17775 0.17090 0.18280 0.16113 0.18858
0 0.53027 0.18858 0.51855 0.18858 0.51172 0.18280 0.50488 0.18569 0.49756 0.17775 0.48779 0.15896 0.48291 0.14162 0.48584 0.09827 0.49268 0.08092 0.49561 0.06647 0.50439 0.04480 0.50635 0.03613 0.51562 0.02095 0.52930 0.00650 0.53320 0.00650 0.53711 0.01373 0.54150 0.00867 0.53906 0.00795 0.53906 0.00506 0.55469 0.00506 0.55518 0.00867 0.55322 0.01301 0.55420 0.02746 0.55762 0.03107 0.56055 0.03107 0.56348 0.03685 0.56787 0.03902 0.56787 0.05058 0.56982 0.05491 0.56982 0.08237 0.56201 0.12861 0.56445 0.13223 0.56836 0.13078 0.57422 0.13367 0.59180 0.11633 0.59326 0.12139 0.57861 0.14595 0.57666 0.15462 0.57764 0.16329 0.57959 0.16618 0.57812 0.17558 0.56934 0.17702 0.55664 0.16113 0.55273 0.16546 0.54980 0.16257 0.54932 0.16763 0.54102 0.17991 0.53418 0.18714 0.53027 0.18858
0 0.81055 0.28974 0.80273 0.28829 0.79883 0.28540 0.79199 0.28396 0.78857 0.27312 0.78564 0.26734 0.78760 0.25145 0.78662 0.23988 0.78564 0.22543 0.78809 0.20737 0.79492 0.21315 0.79736 0.20665 0.78271 0.18353 0.78320 0.17269 0.78174 0.18064 0.77930 0.19292 0.77441 0.19292 0.77100 0.18786 0.77197 0.18208 0.77393 0.17630 0.77393 0.16908 0.77295 0.16329 0.76807 0.15462 0.77295 0.14884 0.76416 0.13295 0.74902 0.12355 0.73193 0.11994 0.73096 0.10549 0.72900 0.09827 0.73682 0.10405 0.73926 0.11055 0.73779 0.10549 0.74414 0.10477 0.75488 0.09899 0.76172 0.08743 0.77686 0.08092 0.77979 0.06358 0.78076 0.05491 0.79834 0.03757 0.79443 0.01879 0.79150 0.01301 0.79395 0.00506 0.81738 0.01084 0.82812 0.01084 0.82910 0.00506 0.84180 0.00939 0.84570 0.00506 0.85059 0.01517 0.85010 0.00867 0.85645 0.00795 0.85938 0.01517 0.85889 0.00578 0.86475 0.01445 0.86475 0.02023 0.87012 0.01951 0.88135 0.03179 0.88037 0.04769 0.87402 0.04697 0.87646 0.05058 0.87305 0.06142 0.86377 0.07081 0.86475 0.08526 0.86768 0.09682 0.86279 0.10838 0.86182 0.11994 0.85547 0.11488 0.85156 0.11777 0.85547 0.12934 0.84717 0.13584 0.84717 0.14740 0.85303 0.16763 0.85010 0.17919 0.86133 0.18136 0.87402 0.18425 0.87451 0.17341 0.87793 0.18280 0.89062 0.17991 0.89062 0.19292 0.87598 0.19870 0.86816 0.20014 0.84863 0.20737 0.83691 0.21604 0.83496 0.22182 0.82666 0.22688 0.81982 0.24566 0.81592 0.27312 0.81494 0.28324
0 0.63770 0.75650 0.63623 0.75000 0.62939 0.74133 0.62988 0.73049 0.61621 0.71460 0.60205 0.70231 0.59863 0.70159 0.58691 0.69581 0.58350 0.68642 0.58594 0.67847 0.59717 0.67341 0.59619 0.64884 0.59033 0.63584 0.59229 0.62861 0.59033 0.60983 0.59863 0.60477 0.59717 0.61561 0.60645 0.61922 0.62109 0.60766 0.62451 0.60694 0.62988 0.60621 0.63672 0.60188 0.64453 0.59754 0.65430 0.58887 0.65527 0.60910 0.64990 0.61272 0.66064 0.61416 0.66406 0.61922 0.66797 0.61055 0.67139 0.61705 0.67041 0.63728 0.66406 0.63656 0.64893 0.65896 0.65576 0.66763 0.65918 0.67413 0.66406 0.68425 0.66992 0.67991 0.67236 0.68353 0.66748 0.67775 0.66553 0.66763 0.66455 0.64884 0.67188 0.64234 0.67383 0.63223 0.68066 0.62789 0.68555 0.63367 0.69678 0.62861 0.69238 0.63945 0.69775 0.64451 0.69580 0.65607 0.69971 0.66185 0.69629 0.66980 0.69189 0.67919 0.68701 0.69220 0.68604 0.70665 0.68213 0.71821 0.68604 0.72977 0.67480 0.74205 0.68359 0.73627 0.68408 0.74422 0.67773 0.74350 0.66406 0.75506 0.65723 0.74783 0.65039 0.74639 0.64355 0.74350 0.63770 0.75650
0 0.10449 0.99639 0.08984 0.99350 0.08350 0.98266 0.08252 0.97399 0.08691 0.96315 0.09473 0.96460 0.08984 0.96315 0.09619 0.95376 0.08789 0.94436 0.09082 0.95448 0.08252 0.95809 0.08252 0.94509 0.09277 0.94292 0.09326 0.92630 0.09521 0.91618 0.09619 0.89740 0.10498 0.88873 0.10010 0.87572 0.10986 0.86127 0.11523 0.84465 0.12158 0.83671 0.12158 0.82659 0.11133 0.83020 0.09717 0.81503 0.07666 0.78468 0.07666 0.76445 0.06836 0.75072 0.07715 0.75072 0.08643 0.75434 0.08789 0.76084 0.10938 0.76373 0.10986 0.77168 0.12158 0.78324 0.12354 0.79335 0.13086 0.77962 0.12988 0.78685 0.12305 0.79552 0.12793 0.80130 0.12207 0.80419 0.11377 0.81069 0.11719 0.81720 0.13672 0.81575 0.15088 0.81503 0.15039 0.80419 0.14404 0.79480 0.13818 0.79191 0.15430 0.78107 0.17090 0.78107 0.18408 0.78757 0.18408 0.80636 0.18701 0.82948 0.17480 0.83165 0.15479 0.84827 0.14697 0.85694 0.14502 0.87717 0.14307 0.90029 0.13770 0.90824 0.12061 0.92630 0.11670 0.94075 0.11084 0.95665 0.11279 0.97399 0.11377 0.99133 0.10449 0.99639
0 0.83594 0.94003 0.82910 0.93280 0.81738 0.92847 0.81299 0.92775 0.80957 0.92702 0.80420 0.92197 0.80420 0.91618 0.79541 0.90607 0.79785 0.90101 0.79053 0.89306 0.78564 0.88439 0.78369 0.86705 0.78760 0.85694 0.78662 0.84971 0.78711 0.83887 0.78760 0.83526 0.79004 0.82587 0.79150 0.83382 0.79443 0.84249 0.80664 0.84899 0.81445 0.84321 0.82275 0.82081 0.82178 0.81503 0.81689 0.81503 0.80664 0.79263 0.79980 0.78829 0.79541 0.77890 0.79736 0.77457 0.81738 0.76373 0.82812 0.78540 0.83545 0.78757 0.86328 0.79841 0.87500 0.79841 0.88135 0.80202 0.88428 0.81069 0.89258 0.82298 0.90283 0.82370 0.90039 0.83020 0.90723 0.82442 0.91846 0.82948 0.91650 0.85694 0.92236 0.86561 0.91553 0.87139 0.91797 0.87934 0.90967 0.88728 0.90430 0.90824 0.89551 0.90824 0.87598 0.90101 0.86133 0.89379 0.86377 0.88728 0.85400 0.87717 0.85938 0.87645 0.85156 0.87211 0.85059 0.87066 0.84473 0.87645 0.84814 0.87861 0.84814 0.88873 0.85352 0.89090 0.85400 0.89451 0.85938 0.89379 0.86230 0.90101 0.85156 0.89812 0.84570 0.89812 0.84424 0.91763 0.84766 0.93280 0.84082 0.93136
0 0.19238 0.87355 0.18408 0.86416 0.17822 0.84971 0.17773 0.84176 0.17383 0.84032 0.16797 0.84465 0.15332 0.84754 0.13672 0.84465 0.13135 0.82225 0.13330 0.80780 0.13525 0.79913 0.13623 0.78902 0.13721 0.78324 0.16650 0.77168 0.16992 0.76662 0.16797 0.75506 0.16406 0.74783 0.15820 0.74350 0.15283 0.74277 0.14990 0.73410 0.14893 0.72543 0.14258 0.71604 0.14990 0.70809 0.15039 0.70448 0.15088 0.70809 0.15625 0.71893 0.16260 0.71676 0.16357 0.71098 0.16553 0.70665 0.15918 0.72471 0.15186 0.72543 0.16016 0.72760 0.16699 0.72905 0.17383 0.72616 0.18652 0.73049 0.20654 0.75000 0.20947 0.76590 0.21338 0.77890 0.21045 0.78902 0.20605 0.78685 0.19775 0.79046 0.20508 0.80419 0.21289 0.80708 0.21973 0.81431 0.23193 0.82225 0.22803 0.83526 0.22998 0.84538 0.22803 0.85260 0.22363 0.86488 0.21826 0.86272 0.21582 0.86922 0.21533 0.86416 0.21240 0.86705 0.20117 0.86199 0.20215 0.85621 0.20801 0.85621 0.21289 0.85910 0.21387 0.85043 0.19775 0.85694 0.19580 0.86416 0.19238 0.87355
