0 0.82422 0.36344 0.82129 0.36344 0.81787 0.35549 0.81006 0.34682 0.79834 0.32659 0.79248 0.31358 0.79150 0.30636 0.78467 0.29191 0.77686 0.26734 0.76709 0.24855 0.76318 0.23410 0.75732 0.22543 0.75635 0.20954 0.75928 0.19364 0.76270 0.18858 0.77148 0.18425 0.79004 0.18425 0.79590 0.18858 0.80127 0.19798 0.80420 0.20809 0.81201 0.22110 0.81787 0.23988 0.83936 0.28902 0.84912 0.32514 0.85303 0.33382 0.84570 0.34610 0.82422 0.36344
0 0.83887 0.56575 0.83105 0.56431 0.82666 0.55925 0.82666 0.55636 0.81592 0.53613 0.81494 0.53035 0.79541 0.50289 0.79053 0.48988 0.78174 0.47688 0.77979 0.46387 0.77979 0.44942 0.78418 0.44147 0.80566 0.44147 0.81152 0.44436 0.83887 0.47905 0.84619 0.49133 0.85303 0.51012 0.85303 0.51734 0.85596 0.52168 0.85498 0.52601 0.85791 0.53179 0.85889 0.54046 0.85400 0.55202 0.84766 0.56142 0.83887 0.56575
0 0.95996 0.15101 0.95508 0.15101 0.94629 0.14379 0.93457 0.12934 0.91895 0.12066 0.90283 0.09682 0.90088 0.08092 0.89014 0.05636 0.89307 0.03613 0.89209 0.02023 0.89355 0.01806 0.90332 0.02384 0.91113 0.03251 0.92090 0.03540 0.93066 0.04263 0.96338 0.08526 0.97217 0.10694 0.97314 0.12428 0.97510 0.12861 0.97607 0.14017 0.97363 0.14523 0.95996 0.15101
0 0.94531 0.25217 0.93262 0.24205 0.92871 0.24205 0.91992 0.23338 0.91064 0.21243 0.90674 0.19942 0.90479 0.18931 0.90381 0.16763 0.90869 0.14884 0.91064 0.13295 0.91406 0.12934 0.91797 0.12789 0.92139 0.13150 0.92285 0.13656 0.93066 0.13656 0.93848 0.14234 0.95459 0.16474 0.95947 0.17919 0.96338 0.19942 0.96338 0.21387 0.96143 0.21676 0.96143 0.22254 0.95850 0.23121 0.94678 0.24711 0.94531 0.25217
0 0.99902 0.27240 0.99121 0.27962 0.98047 0.27673 0.97119 0.26590 0.96826 0.25578 0.96533 0.25145 0.96143 0.23410 0.96338 0.22977 0.96533 0.21243 0.96436 0.19942 0.95850 0.16474 0.96094 0.16113 0.96484 0.15968 0.97363 0.15968 0.98438 0.16402 0.99561 0.17630 0.99756 0.19075 0.99902 0.19147
0 0.99902 0.58309 0.99316 0.58598 0.97656 0.57876 0.96191 0.57876 0.95703 0.57442 0.94922 0.57298 0.94141 0.56720 0.93799 0.56214 0.93604 0.55202 0.93018 0.54624 0.92725 0.54046 0.92627 0.53324 0.94141 0.51662 0.95020 0.51373 0.95703 0.51373 0.96582 0.51806 0.97559 0.51951 0.99902 0.53107
0 0.84766 0.08598 0.82617 0.08309 0.81104 0.07370 0.81104 0.05636 0.81689 0.03902 0.82910 0.02240 0.83594 0.01806 0.84473 0.00795 0.84766 0.00939 0.84814 0.00578 0.85059 0.00361 0.88672 0.00361 0.88818 0.00578 0.88818 0.01879 0.88232 0.03613 0.85938 0.07442 0.85254 0.08309 0.84766 0.08598
0 0.74609 0.09754 0.73730 0.09610 0.72363 0.08454 0.71582 0.08309 0.69922 0.07153 0.68555 0.05708 0.67920 0.04624 0.67236 0.02601 0.67041 0.01734 0.67041 0.00578 0.67480 0.00361 0.68066 0.00650 0.68945 0.00217 0.70996 0.00217 0.71777 0.00506 0.73633 0.01951 0.74805 0.02095 0.74951 0.02312 0.74854 0.02890 0.75439 0.03902 0.75537 0.04769 0.76172 0.05853 0.77002 0.06792 0.77002 0.07370 0.76270 0.08743 0.75391 0.09465 0.74609 0.09754
0 0.71484 0.17558 0.70801 0.17558 0.70312 0.17269 0.68164 0.16835 0.67480 0.16980 0.66504 0.15390 0.65820 0.14812 0.65479 0.14017 0.65381 0.11272 0.65576 0.10549 0.66504 0.09899 0.70996 0.10043 0.73242 0.09754 0.73926 0.10043 0.76270 0.10188 0.77100 0.10983 0.77588 0.12572 0.75293 0.15968 0.73828 0.16835 0.71484 0.17558
0 0.75293 0.47905 0.73340 0.47616 0.72852 0.47038 0.71973 0.46604 0.71289 0.45882 0.70898 0.45159 0.69824 0.44292 0.68457 0.42702 0.67871 0.41691 0.67480 0.41546 0.67041 0.40751 0.66650 0.39451 0.65869 0.38150 0.65430 0.37500 0.64746 0.37066 0.64111 0.36127 0.63525 0.34827 0.63135 0.31647 0.63330 0.31069 0.63330 0.30202 0.63721 0.29769 0.63867 0.29118 0.64355 0.29118 0.64844 0.29552 0.65430 0.29552 0.66504 0.29986 0.67090 0.30419 0.70215 0.34754 0.70996 0.35477 0.71289 0.35477 0.72656 0.36488 0.74414 0.38367 0.75488 0.39090 0.77002 0.41040 0.77588 0.43064 0.77490 0.44653 0.77197 0.46098 0.76270 0.47616 0.75293 0.47905
0 0.92480 0.74061 0.92041 0.73844 0.91650 0.72688 0.91162 0.72110 0.90771 0.71098 0.90479 0.67197 0.89600 0.65173 0.89307 0.63439 0.89404 0.62717 0.89893 0.61705 0.89990 0.60838 0.90674 0.58671 0.90918 0.58454 0.91504 0.58454 0.91797 0.58165 0.92480 0.58309 0.93262 0.58887 0.93994 0.59971 0.94189 0.60549 0.94385 0.62283 0.94678 0.63006 0.94678 0.63728 0.94971 0.64740 0.95361 0.69075 0.95166 0.69364 0.94971 0.70376 0.93799 0.72688 0.92969 0.73772 0.92480 0.74061
0 0.99902 0.69725 0.99756 0.69798 0.99658 0.70376 0.99316 0.70592 0.98291 0.72110 0.97803 0.73844 0.96924 0.74566 0.96533 0.75867 0.95850 0.77312 0.93457 0.80708 0.92773 0.80708 0.92041 0.79480 0.91846 0.78613 0.91943 0.76590 0.92432 0.75289 0.94580 0.71387 0.95898 0.69292 0.97266 0.67558 0.98340 0.67269 0.98535 0.67558 0.99512 0.67702 0.99756 0.67919 0.99756 0.68353 0.99902 0.68425
0 0.99902 0.80853 0.99756 0.80925 0.99658 0.82225 0.98975 0.83092 0.98877 0.83526 0.97705 0.85260 0.97510 0.85838 0.96582 0.87066 0.95703 0.87211 0.95215 0.86922 0.94385 0.85549 0.94189 0.84827 0.94287 0.84104 0.96533 0.77746 0.96973 0.77095 0.97363 0.77240 0.97656 0.76951 0.98096 0.76012 0.98633 0.75506 0.99316 0.74350 0.99902 0.74639
0 0.99902 0.93136 0.99121 0.92702 0.97461 0.92413 0.96777 0.91980 0.96436 0.91474 0.96045 0.89884 0.96338 0.88006 0.97461 0.86344 0.98242 0.85766 0.99316 0.85477 0.99902 0.85621
0 0.90234 0.83165 0.88965 0.83020 0.87451 0.80780 0.87158 0.79769 0.86865 0.77023 0.86865 0.75578 0.86182 0.72977 0.86279 0.72543 0.86084 0.70809 0.86084 0.68642 0.85693 0.66329 0.85400 0.65896 0.85400 0.62717 0.85645 0.62066 0.86523 0.61199 0.87305 0.61199 0.87891 0.61633 0.89209 0.64017 0.89502 0.65029 0.89502 0.66040 0.89893 0.67197 0.89990 0.68353 0.90576 0.70376 0.90576 0.71532 0.91260 0.72977 0.91260 0.73699 0.91553 0.74711 0.91553 0.76012 0.91748 0.76445 0.91748 0.79480 0.91650 0.80347 0.91260 0.81358 0.91162 0.82659 0.90234 0.83165
0 0.99902 0.98772 0.99756 0.98844 0.99756 0.99422 0.99512 0.99928 0.97461 0.99639 0.95557 0.97688 0.95459 0.96676 0.95068 0.95376 0.95068 0.94220 0.95264 0.93497 0.96094 0.92558 0.97070 0.92558 0.97656 0.92847 0.98926 0.92991 0.99512 0.93280 0.99902 0.94147
0 0.82422 0.98627 0.80664 0.98483 0.79639 0.97543 0.79443 0.96532 0.79834 0.94075 0.81592 0.90318 0.82324 0.89379 0.83105 0.88656 0.83984 0.88367 0.85352 0.88656 0.86084 0.89451 0.86182 0.90029 0.85889 0.90751 0.85596 0.92486 0.85156 0.92847 0.84912 0.93353 0.85010 0.94653 0.84521 0.95954 0.84521 0.96532 0.83789 0.97182 0.83398 0.98049 0.82422 0.98627
0 0.81738 0.62645 0.81152 0.62066 0.80273 0.62500 0.79004 0.62645 0.78613 0.62355 0.76953 0.61922 0.75391 0.60766 0.74902 0.60332 0.73193 0.57948 0.73096 0.57370 0.73291 0.56069 0.73730 0.55419 0.74316 0.54986 0.75293 0.54697 0.76465 0.54697 0.79004 0.56286 0.80469 0.57731 0.81104 0.58815 0.81592 0.60549 0.81982 0.61272 0.81982 0.61994 0.81738 0.62645
0 0.79785 0.42702 0.78125 0.42558 0.77539 0.41980 0.77295 0.40607 0.76855 0.40246 0.75879 0.38656 0.75391 0.38223 0.74512 0.37934 0.73682 0.37139 0.74072 0.35983 0.74902 0.34754 0.76562 0.34610 0.78223 0.35477 0.80273 0.37500 0.81152 0.38078 0.81787 0.39306 0.81982 0.40173 0.81787 0.41474 0.81348 0.42124 0.80371 0.42269 0.79785 0.42702
0 0.79297 0.87645 0.78516 0.87211 0.78174 0.86561 0.77295 0.81358 0.76807 0.79624 0.76611 0.77890 0.76221 0.76301 0.76025 0.74133 0.75635 0.72688 0.75635 0.70809 0.76123 0.69509 0.77051 0.68136 0.78223 0.67558 0.79590 0.67702 0.80859 0.68569 0.81982 0.70665 0.81982 0.71243 0.82471 0.72543 0.82568 0.73988 0.82471 0.76012 0.82764 0.79191 0.82666 0.79624 0.82373 0.79913 0.82568 0.80058 0.82568 0.80347 0.82373 0.83526 0.82080 0.85405 0.81738 0.85910 0.80176 0.86488 0.79297 0.87645
0 0.74902 0.69581 0.73633 0.69581 0.73047 0.69292 0.71484 0.69147 0.70215 0.68280 0.69580 0.67197 0.71289 0.64523 0.71973 0.63945 0.73340 0.63367 0.76562 0.63367 0.77930 0.64090 0.78320 0.63945 0.78662 0.64306 0.78662 0.65462 0.78027 0.67124 0.77246 0.67702 0.76562 0.68569 0.74902 0.69581
0 0.73242 0.88945 0.72168 0.88801 0.70850 0.86705 0.70361 0.83526 0.70459 0.77746 0.70752 0.76734 0.70850 0.75578 0.71826 0.72832 0.73730 0.70159 0.74219 0.70159 0.74658 0.70809 0.75342 0.72977 0.75439 0.74422 0.75732 0.75000 0.76123 0.76879 0.76123 0.78902 0.75635 0.81358 0.75537 0.82659 0.74854 0.84393 0.74609 0.84754 0.74268 0.84827 0.74561 0.85405 0.74170 0.86272 0.73975 0.87861 0.73779 0.88439 0.73242 0.88945
0 0.68848 0.71604 0.68555 0.71460 0.68164 0.70592 0.67969 0.70882 0.67578 0.70882 0.66797 0.70303 0.65723 0.70448 0.65527 0.69725 0.64453 0.68858 0.62939 0.66763 0.62354 0.65173 0.62158 0.64017 0.61768 0.63006 0.61182 0.62139 0.61182 0.61272 0.61475 0.60116 0.62109 0.59176 0.63965 0.59032 0.65088 0.60116 0.65479 0.61272 0.66553 0.63295 0.67041 0.65029 0.68018 0.67197 0.68701 0.68064 0.68994 0.70520 0.68994 0.71387 0.68848 0.71604
0 0.66602 0.29263 0.66016 0.29118 0.64648 0.28107 0.63770 0.27095 0.63672 0.26662 0.63379 0.26662 0.62549 0.25867 0.62354 0.24566 0.62061 0.24277 0.61963 0.23410 0.61182 0.21387 0.60596 0.19220 0.60107 0.18208 0.59521 0.15607 0.59619 0.13584 0.60156 0.10910 0.62500 0.11633 0.63818 0.13439 0.64209 0.14306 0.64600 0.16618 0.65479 0.19798 0.65674 0.21387 0.66162 0.22832 0.66846 0.26012 0.66846 0.29046 0.66602 0.29263
0 0.59277 0.28107 0.58594 0.28107 0.57715 0.27529 0.55225 0.22977 0.55029 0.21965 0.54346 0.21243 0.54443 0.20954 0.54150 0.19798 0.54346 0.18786 0.55469 0.17124 0.56543 0.16113 0.57422 0.16113 0.57910 0.16402 0.60059 0.18569 0.61768 0.22977 0.61768 0.24711 0.61084 0.26590 0.59277 0.28107
0 0.63672 0.57298 0.63086 0.56575 0.62012 0.55853 0.60986 0.54480 0.60498 0.53035 0.59912 0.52023 0.59229 0.49566 0.58350 0.48410 0.58154 0.46676 0.58252 0.45087 0.58643 0.44075 0.59326 0.43208 0.59521 0.42486 0.59814 0.42197 0.59863 0.41691 0.60156 0.41546 0.60986 0.42486 0.61084 0.44364 0.63379 0.46460 0.63818 0.47110 0.64014 0.48266 0.64307 0.48699 0.64307 0.50578 0.64502 0.51590 0.64404 0.53902 0.63916 0.55636 0.64014 0.56792 0.63672 0.57298
0 0.66113 0.83309 0.65820 0.83309 0.63770 0.81864 0.61865 0.78902 0.60986 0.76734 0.60986 0.75434 0.61279 0.75000 0.61377 0.74133 0.60791 0.73266 0.60400 0.72254 0.60400 0.70954 0.60156 0.70159 0.60547 0.70303 0.61328 0.69725 0.61914 0.69581 0.63281 0.69725 0.64258 0.70737 0.65674 0.73121 0.67041 0.77168 0.67041 0.78468 0.66846 0.79624 0.65967 0.81358 0.65967 0.81936 0.66260 0.82659 0.66113 0.83309
0 0.53223 0.95592 0.52734 0.95592 0.51953 0.95014 0.51318 0.93931 0.51123 0.93064 0.51123 0.90173 0.51807 0.87283 0.52295 0.86272 0.52393 0.85694 0.53760 0.83526 0.54932 0.79913 0.55273 0.79552 0.56055 0.79552 0.56787 0.78324 0.57129 0.77095 0.58301 0.76084 0.58691 0.75361 0.59473 0.75217 0.60010 0.75723 0.60010 0.76156 0.60303 0.76734 0.60498 0.77601 0.60400 0.78757 0.58350 0.87428 0.57666 0.88728 0.57178 0.90607 0.56152 0.91980 0.54980 0.92702 0.54150 0.94364 0.53223 0.95592
0 0.52441 0.80130 0.51953 0.80130 0.51318 0.79480 0.50928 0.78324 0.50732 0.76156 0.51025 0.72832 0.51318 0.71965 0.51709 0.67919 0.52100 0.66185 0.52100 0.65173 0.52295 0.64306 0.52734 0.63801 0.53711 0.63367 0.54883 0.63367 0.55762 0.63945 0.56299 0.64884 0.56689 0.66040 0.56787 0.67919 0.56494 0.70376 0.56396 0.70809 0.56006 0.71243 0.55615 0.72832 0.54932 0.74566 0.55029 0.75289 0.54541 0.76012 0.54736 0.76445 0.54248 0.77023 0.54150 0.78035 0.53662 0.79480 0.53418 0.79841 0.52832 0.79841 0.52441 0.80130
0 0.54102 0.49494 0.53613 0.49205 0.53223 0.49350 0.52881 0.48988 0.52881 0.45665 0.53076 0.44653 0.54053 0.42052 0.54639 0.40896 0.55518 0.39740 0.55908 0.38728 0.57227 0.37066 0.57715 0.36633 0.58105 0.36633 0.59180 0.37789 0.59717 0.38728 0.59424 0.42486 0.57764 0.45809 0.56250 0.48338 0.54102 0.49494
0 0.50684 0.22038 0.49805 0.21893 0.48389 0.20520 0.48291 0.18208 0.48584 0.17052 0.49805 0.15101 0.50879 0.13945 0.51855 0.13223 0.52539 0.13078 0.53906 0.13801 0.54736 0.15462 0.54736 0.16329 0.54053 0.18786 0.52979 0.20231 0.52979 0.20520 0.52539 0.21171 0.50684 0.22038
0 0.44531 0.43280 0.43555 0.43280 0.43311 0.42919 0.43115 0.42197 0.43018 0.39306 0.43115 0.38873 0.43652 0.38078 0.45020 0.36488 0.47656 0.35766 0.49609 0.34321 0.52441 0.33165 0.54590 0.33165 0.55615 0.34827 0.55762 0.35332 0.56250 0.35621 0.56738 0.35477 0.56592 0.35983 0.56982 0.36127 0.56787 0.37139 0.56152 0.37934 0.54297 0.39234 0.53613 0.39957 0.52539 0.40390 0.51953 0.40390 0.50488 0.41113 0.49805 0.41113 0.47363 0.42413 0.45312 0.42702 0.44531 0.43280
0 0.40723 0.70448 0.39453 0.70448 0.38916 0.68786 0.38330 0.68208 0.38330 0.67486 0.38818 0.66763 0.39404 0.64884 0.40088 0.63873 0.41455 0.60549 0.42676 0.59032 0.43652 0.58454 0.44141 0.57876 0.44629 0.57876 0.45654 0.59538 0.45850 0.60983 0.45068 0.63150 0.44775 0.64595 0.43164 0.68425 0.40723 0.70448
0 0.46680 0.95448 0.45898 0.95448 0.44922 0.95014 0.43408 0.93497 0.43408 0.89595 0.43896 0.85838 0.43896 0.83815 0.44092 0.83237 0.44922 0.81720 0.45703 0.81286 0.46582 0.81286 0.47559 0.80130 0.47949 0.80130 0.48389 0.81792 0.48291 0.82225 0.48486 0.83671 0.49072 0.85694 0.48877 0.89740 0.48682 0.90318 0.48584 0.92486 0.48193 0.93786 0.47461 0.94870 0.46680 0.95448
0 0.41113 0.46749 0.36719 0.46460 0.35156 0.45159 0.33936 0.43642 0.33447 0.42341 0.33740 0.38728 0.35352 0.37645 0.36523 0.37500 0.37988 0.38078 0.38965 0.38801 0.40723 0.39523 0.41992 0.40390 0.42627 0.41329 0.43213 0.44509 0.42969 0.45303 0.42188 0.45737 0.41797 0.46315 0.41113 0.46749
0 0.33301 0.74928 0.31738 0.74928 0.30469 0.73772 0.29932 0.72399 0.29932 0.70665 0.30225 0.69942 0.30322 0.68642 0.30615 0.67486 0.31885 0.63439 0.31982 0.62139 0.32861 0.59827 0.32861 0.58671 0.33398 0.57731 0.33789 0.57442 0.34473 0.57442 0.34961 0.57731 0.36279 0.59682 0.36279 0.60260 0.36670 0.61416 0.36670 0.62717 0.36865 0.63728 0.36670 0.64884 0.36768 0.66329 0.36182 0.67919 0.35303 0.71532 0.33838 0.74422 0.33301 0.74928
0 0.38184 0.36922 0.36523 0.36633 0.36182 0.36127 0.36182 0.35260 0.37451 0.32659 0.38672 0.30997 0.39844 0.29841 0.41113 0.27673 0.42969 0.27529 0.43750 0.26951 0.44092 0.26156 0.44824 0.25217 0.46777 0.23483 0.48828 0.23049 0.50000 0.22327 0.50391 0.22327 0.50635 0.22688 0.50537 0.26590 0.50342 0.27457 0.49609 0.28829 0.46973 0.30853 0.45703 0.32442 0.43652 0.34176 0.41309 0.35043 0.40137 0.36055 0.38184 0.36922
0 0.40723 0.19292 0.39893 0.18642 0.39697 0.17486 0.40186 0.16618 0.40576 0.13728 0.41943 0.10838 0.42773 0.09610 0.44238 0.08020 0.44629 0.07876 0.46289 0.06286 0.46777 0.06286 0.47266 0.06864 0.47949 0.06431 0.48438 0.06431 0.48584 0.06647 0.48193 0.07514 0.47900 0.09393 0.47314 0.11272 0.45361 0.15029 0.43359 0.17702 0.41895 0.18425 0.40723 0.19292
0 0.39160 0.24783 0.38379 0.24639 0.37451 0.23555 0.40332 0.19725 0.41797 0.18569 0.43750 0.17702 0.45605 0.17413 0.46436 0.17919 0.47021 0.22254 0.46875 0.23338 0.45996 0.23772 0.44531 0.23916 0.43945 0.24350 0.42773 0.24350 0.42188 0.24639 0.39941 0.24350 0.39160 0.24783
0 0.35352 0.25361 0.34766 0.25217 0.34131 0.24566 0.33350 0.22110 0.33252 0.20809 0.33936 0.18786 0.33936 0.17775 0.34619 0.14595 0.35010 0.13584 0.35693 0.12717 0.36572 0.10838 0.37061 0.09249 0.37939 0.07514 0.37939 0.07081 0.38525 0.05347 0.39307 0.03902 0.40039 0.02818 0.41309 0.01662 0.41797 0.01228 0.42480 0.01084 0.43018 0.01734 0.43018 0.02023 0.42627 0.02601 0.42627 0.03613 0.42920 0.05347 0.42920 0.06936 0.42529 0.08815 0.41064 0.11994 0.39209 0.17486 0.38623 0.18497 0.37549 0.22832 0.36475 0.24133 0.36377 0.24711 0.36133 0.25072 0.35352 0.25361
0 0.33496 0.38367 0.33008 0.38223 0.32422 0.37645 0.31885 0.36705 0.31787 0.36127 0.31885 0.34104 0.32080 0.33526 0.31982 0.32659 0.32275 0.30491 0.33154 0.27890 0.33691 0.26806 0.34277 0.26228 0.36035 0.25650 0.36523 0.25939 0.37354 0.27168 0.37549 0.27746 0.37744 0.29335 0.37549 0.30925 0.37646 0.31647 0.37158 0.32948 0.36279 0.34393 0.36279 0.34682 0.35889 0.34971 0.35693 0.36705 0.35254 0.37211 0.33496 0.38367
0 0.27734 0.66113 0.27051 0.65968 0.25342 0.64017 0.25244 0.63150 0.25439 0.61705 0.27197 0.57081 0.28516 0.55130 0.29590 0.54263 0.30371 0.53974 0.31055 0.54552 0.31787 0.55636 0.31787 0.57659 0.30713 0.60983 0.30420 0.63439 0.29688 0.64668 0.29297 0.64812 0.29004 0.65390 0.28516 0.65824 0.27734 0.66113
0 0.19531 0.43714 0.19141 0.43569 0.18896 0.43208 0.18311 0.41763 0.18408 0.40173 0.18994 0.38006 0.19629 0.37066 0.20215 0.36633 0.22949 0.33454 0.24121 0.32442 0.24609 0.31720 0.25684 0.31142 0.27832 0.30997 0.28076 0.31358 0.28174 0.33671 0.27393 0.36416 0.25977 0.38367 0.23828 0.40824 0.21191 0.42269 0.20117 0.42991 0.19531 0.43714
0 0.30664 0.15824 0.29395 0.15535 0.28613 0.14957 0.27148 0.14957 0.25586 0.15824 0.23438 0.15824 0.21289 0.15390 0.19238 0.14234 0.18457 0.14090 0.17090 0.12934 0.15234 0.12211 0.14795 0.11705 0.14990 0.10116 0.15186 0.09827 0.15088 0.09393 0.15283 0.09104 0.15479 0.07803 0.15869 0.06647 0.16504 0.05997 0.17383 0.05708 0.18262 0.05708 0.19922 0.06142 0.21680 0.07298 0.22559 0.07298 0.23730 0.07731 0.24707 0.07442 0.25977 0.07731 0.28613 0.10188 0.29297 0.10621 0.29688 0.10477 0.29932 0.10838 0.30029 0.11272 0.29590 0.11777 0.29297 0.11777 0.29248 0.12283 0.30664 0.14234 0.31348 0.14668 0.31836 0.14668 0.32178 0.15173 0.32031 0.15679 0.30664 0.15824
0 0.26611 0.00000 0.26758 0.00217 0.30078 0.00361 0.30957 0.01084 0.31445 0.01228 0.31787 0.02457 0.31396 0.03613 0.30762 0.04408 0.29395 0.05275 0.27539 0.05997 0.26855 0.05997 0.26367 0.05708 0.24219 0.05275 0.21875 0.05275 0.21387 0.05564 0.19922 0.05564 0.19336 0.04986 0.18066 0.04552 0.16504 0.03251 0.15039 0.02529 0.12842 0.00434 0.13281 0.00217 0.19434 0.00217 0.19678 0.00000
0 0.28320 0.24928 0.26855 0.24639 0.26270 0.24061 0.25391 0.24061 0.24512 0.23627 0.23438 0.23483 0.22949 0.23049 0.22168 0.23049 0.19238 0.21749 0.18799 0.21243 0.17920 0.18931 0.16943 0.17775 0.16846 0.17052 0.17236 0.15751 0.17676 0.14957 0.18066 0.14668 0.19434 0.14668 0.20215 0.15246 0.21094 0.15535 0.21387 0.15968 0.22363 0.16546 0.23438 0.17558 0.24316 0.17558 0.24805 0.17991 0.25684 0.17991 0.26514 0.19220 0.26904 0.20520 0.28320 0.22471 0.28906 0.22905 0.29346 0.23555 0.29346 0.24277 0.29102 0.24639 0.28320 0.24928
0 0.18848 0.47616 0.16895 0.47471 0.15039 0.46315 0.13867 0.45014 0.11328 0.44870 0.10742 0.44581 0.10156 0.44147 0.09082 0.42702 0.08350 0.42052 0.08154 0.41618 0.08154 0.40173 0.08496 0.39523 0.08887 0.39668 0.09570 0.39379 0.10547 0.38223 0.11816 0.37645 0.13672 0.37789 0.15430 0.38512 0.16504 0.39379 0.17920 0.41329 0.18018 0.42341 0.18701 0.43208 0.19873 0.45665 0.20068 0.46532 0.19238 0.47471 0.18848 0.47616
0 0.10645 0.55997 0.08789 0.55853 0.07129 0.54986 0.06055 0.54118 0.05518 0.51734 0.05615 0.50434 0.06641 0.48916 0.07617 0.48194 0.10352 0.48338 0.12305 0.49061 0.12939 0.49855 0.13525 0.52023 0.13428 0.54624 0.13232 0.55202 0.12891 0.55564 0.10645 0.55997
0 0.17383 0.59321 0.16699 0.59321 0.16211 0.59032 0.15869 0.58382 0.15576 0.57514 0.15381 0.55202 0.15479 0.54769 0.16943 0.51734 0.17969 0.50361 0.19434 0.49061 0.20410 0.48916 0.20947 0.49855 0.21338 0.51734 0.21240 0.52746 0.20947 0.53324 0.20654 0.54769 0.19922 0.56720 0.19238 0.57442 0.18457 0.58743 0.17383 0.59321
0 0.11523 0.63945 0.10840 0.63801 0.09863 0.62645 0.07129 0.62211 0.05664 0.61488 0.05078 0.60910 0.03906 0.60477 0.01270 0.58743 0.00830 0.58237 0.00830 0.57948 0.00146 0.56503 0.00244 0.53035 0.00781 0.52384 0.01465 0.52384 0.02246 0.53107 0.02930 0.53396 0.04688 0.53540 0.06250 0.54697 0.08496 0.55853 0.11133 0.58165 0.12061 0.59538 0.12061 0.59971 0.11768 0.60260 0.11475 0.61127 0.11523 0.63945
0 0.10352 0.82009 0.09863 0.82009 0.09424 0.81069 0.10303 0.79913 0.09766 0.78829 0.09180 0.78251 0.08398 0.77962 0.07959 0.77312 0.07373 0.75867 0.06494 0.72543 0.06299 0.70665 0.06494 0.70231 0.06592 0.69075 0.06299 0.68353 0.06738 0.68425 0.07080 0.67919 0.06592 0.66763 0.06592 0.65751 0.06738 0.65535 0.09863 0.65535 0.10303 0.66329 0.11084 0.69653 0.12158 0.72543 0.12549 0.75434 0.12549 0.77746 0.11377 0.80780 0.10352 0.82009
0 0.17480 0.82298 0.15820 0.82009 0.15039 0.81286 0.14209 0.79913 0.13818 0.78035 0.13037 0.76012 0.12939 0.74277 0.12549 0.73266 0.11572 0.69364 0.11670 0.67052 0.12598 0.65535 0.13867 0.65101 0.15625 0.65968 0.17432 0.69220 0.18994 0.72688 0.19385 0.75289 0.19482 0.79335 0.18994 0.80636 0.18359 0.81720 0.17480 0.82298
0 0.91797 0.47182 0.91113 0.46026 0.90430 0.45737 0.90088 0.44075 0.88672 0.44870 0.87695 0.45303 0.86572 0.44798 0.87451 0.44075 0.86914 0.44003 0.86768 0.43353 0.86670 0.42341 0.86475 0.41329 0.85986 0.41040 0.85742 0.43858 0.85352 0.43425 0.85645 0.42991 0.84961 0.42991 0.85010 0.43497 0.84619 0.44364 0.85059 0.44147 0.85547 0.44581 0.85645 0.45448 0.85400 0.46098 0.84717 0.46532 0.84912 0.45954 0.84424 0.45809 0.84033 0.45231 0.84326 0.44075 0.83496 0.43136 0.83350 0.42775 0.83105 0.42124 0.82959 0.41040 0.82373 0.39451 0.81592 0.38728 0.82178 0.38295 0.81299 0.37428 0.81396 0.35694 0.81836 0.35332 0.81787 0.36272 0.82764 0.36416 0.83105 0.35188 0.84180 0.34465 0.84912 0.34971 0.85400 0.31214 0.85938 0.29986 0.86621 0.29841 0.86768 0.29191 0.87256 0.28324 0.86914 0.26951 0.87598 0.27240 0.88672 0.27095 0.89355 0.27673 0.90625 0.27818 0.90576 0.28324 0.91016 0.29118 0.91455 0.29046 0.90820 0.29986 0.91650 0.29624 0.91797 0.30275 0.93164 0.30130 0.93018 0.32081 0.92773 0.32587 0.92871 0.34032 0.93164 0.35188 0.94238 0.35766 0.94971 0.36561 0.94922 0.37789 0.94238 0.37355 0.93555 0.37500 0.93701 0.38584 0.93164 0.39379 0.92334 0.39451 0.92334 0.40173 0.92236 0.40896 0.92041 0.42919 0.92480 0.43858 0.92236 0.44364 0.91943 0.46821
0 0.71094 0.28974 0.70703 0.28829 0.70605 0.28540 0.70117 0.28540 0.69434 0.27240 0.69238 0.27240 0.68750 0.26373 0.68457 0.26373 0.68311 0.26012 0.68311 0.25723 0.68750 0.25650 0.68701 0.25145 0.68945 0.25072 0.69092 0.25867 0.69531 0.26228 0.69678 0.25867 0.69287 0.25578 0.69629 0.24928 0.69971 0.24855 0.69873 0.24277 0.70166 0.23988 0.70020 0.23772 0.69629 0.24205 0.69141 0.24205 0.68652 0.23772 0.68604 0.23555 0.68848 0.23483 0.68994 0.23121 0.68848 0.22760 0.68555 0.23194 0.68408 0.22832 0.68799 0.22543 0.68457 0.22327 0.67578 0.22760 0.68018 0.23410 0.67676 0.23916 0.67334 0.23988 0.67480 0.24205 0.67871 0.24205 0.68018 0.24711 0.68408 0.25000 0.68311 0.25578 0.67773 0.25361 0.67480 0.24639 0.67041 0.24422 0.66943 0.23266 0.67432 0.21821 0.67871 0.21749 0.68115 0.20954 0.67969 0.20014 0.68555 0.20014 0.68701 0.20231 0.68359 0.20448 0.68311 0.20809 0.68799 0.21243 0.68604 0.21821 0.69043 0.22038 0.69141 0.22471 0.69629 0.21604 0.70117 0.21460 0.70215 0.21171 0.70361 0.21387 0.70166 0.21676 0.70361 0.22254 0.70117 0.22327 0.69922 0.22038 0.69775 0.22254 0.69824 0.22760 0.70312 0.22616 0.70605 0.23049 0.71289 0.23194 0.71289 0.24061 0.71582 0.23483 0.71973 0.24494 0.72949 0.24783 0.73193 0.25145 0.73193 0.25867 0.73340 0.26084 0.73486 0.26012 0.73730 0.24928 0.74170 0.25578 0.74170 0.26445 0.73730 0.26951 0.73438 0.26662 0.72461 0.28396 0.71582 0.28829 0.71289 0.28685 0.71094 0.28974
0 0.59863 0.16257 0.59570 0.15679 0.59277 0.16113 0.58740 0.15607 0.58838 0.13728 0.58936 0.12717 0.59033 0.11416 0.60010 0.10405 0.59424 0.10116 0.59326 0.09249 0.59033 0.08092 0.59180 0.07876 0.59766 0.08887 0.60498 0.08671 0.60938 0.07587 0.61475 0.08237 0.61523 0.08743 0.61670 0.07948 0.61670 0.06214 0.62988 0.05275 0.63135 0.04480 0.63721 0.03324 0.63525 0.02457 0.63184 0.01806 0.62988 0.01517 0.63965 0.01084 0.64062 0.01662 0.64307 0.02023 0.64893 0.02457 0.65137 0.02818 0.64990 0.02023 0.65479 0.02168 0.66064 0.03613 0.66406 0.02384 0.67090 0.02529 0.66699 0.02962 0.67236 0.04046 0.67041 0.05202 0.67041 0.06358 0.66748 0.07081 0.67041 0.08382 0.66309 0.08887 0.65820 0.09465 0.65137 0.09899 0.64746 0.10910 0.65479 0.11127 0.65332 0.11488 0.64893 0.11561 0.65186 0.12283 0.65283 0.13150 0.65137 0.14234 0.64746 0.13801 0.64062 0.13656 0.64014 0.14306 0.63135 0.14306 0.63281 0.13367 0.62305 0.12645 0.62061 0.12283 0.61230 0.12355 0.61279 0.11705 0.59766 0.11488 0.59766 0.12355 0.60303 0.12428 0.59424 0.13439 0.59229 0.15318 0.59863 0.14957 0.60010 0.16040
0 0.32812 0.56142 0.32373 0.55925 0.32568 0.55636 0.32471 0.55202 0.32666 0.54913 0.32422 0.54552 0.31934 0.54986 0.31787 0.55636 0.31641 0.55708 0.31494 0.55058 0.30908 0.54480 0.30859 0.53829 0.30566 0.53829 0.30371 0.54552 0.29932 0.54480 0.29932 0.53613 0.30420 0.52890 0.30322 0.51445 0.30518 0.51012 0.30518 0.49422 0.30225 0.49133 0.30127 0.48410 0.30225 0.47832 0.30615 0.47254 0.30615 0.46821 0.31201 0.45665 0.31299 0.44653 0.31592 0.44364 0.31787 0.43497 0.31689 0.42486 0.32080 0.41763 0.31982 0.41185 0.32568 0.40607 0.32373 0.40173 0.32715 0.39668 0.33203 0.39379 0.33887 0.38512 0.34326 0.39017 0.34326 0.39884 0.34521 0.40173 0.34326 0.40462 0.34326 0.41329 0.34131 0.41618 0.34229 0.42197 0.34033 0.42486 0.34131 0.42919 0.33936 0.43208 0.33936 0.43642 0.34375 0.44725 0.34668 0.44725 0.34863 0.44292 0.35596 0.45954 0.35107 0.46965 0.35010 0.47543 0.35303 0.47977 0.35010 0.48699 0.35107 0.49133 0.34912 0.50145 0.34912 0.50723 0.35254 0.51228 0.35596 0.51301 0.35547 0.51517 0.35107 0.51734 0.35596 0.52168 0.35156 0.53107 0.34766 0.53107 0.34473 0.52673 0.33496 0.54841 0.33105 0.54263 0.32861 0.54913 0.32812 0.56142
0 0.21680 0.96315 0.21729 0.95665 0.21631 0.94942 0.21338 0.92919 0.20703 0.92124 0.20557 0.91763 0.21436 0.90173 0.20801 0.90101 0.20459 0.88873 0.20264 0.88006 0.20654 0.85405 0.20947 0.86850 0.20996 0.88078 0.21240 0.87139 0.21240 0.86272 0.21875 0.85910 0.21533 0.85116 0.22461 0.84899 0.22314 0.85694 0.22998 0.85405 0.22607 0.83237 0.22607 0.81503 0.22803 0.80202 0.23096 0.78902 0.23682 0.79046 0.23730 0.79697 0.23779 0.79046 0.24170 0.77601 0.24268 0.76879 0.24170 0.76012 0.24365 0.73988 0.24951 0.74133 0.26074 0.73194 0.27246 0.72905 0.27881 0.73844 0.28564 0.75289 0.28369 0.76445 0.28760 0.77312 0.28564 0.78035 0.29346 0.78613 0.28760 0.79913 0.28271 0.81214 0.28076 0.82225 0.27197 0.84104 0.26904 0.85694 0.27100 0.87283 0.27686 0.88006 0.27002 0.89740 0.26318 0.91040 0.25488 0.91691 0.25732 0.92341 0.25928 0.92775 0.25391 0.92847 0.25195 0.92413 0.24512 0.93136 0.23877 0.93353 0.24512 0.94581 0.23340 0.95592 0.22705 0.94942 0.22754 0.95737 0.22119 0.95376 0.21875 0.95882
0 0.11328 0.96893 0.10156 0.96171 0.09180 0.96026 0.09375 0.95592 0.10889 0.95376 0.10938 0.92702 0.10156 0.92702 0.09180 0.93858 0.07715 0.94436 0.06982 0.94364 0.07861 0.93353 0.06885 0.92919 0.07031 0.91113 0.07715 0.92124 0.09863 0.92702 0.11084 0.92197 0.09863 0.92124 0.08984 0.91546 0.08203 0.91691 0.07568 0.91474 0.07666 0.90318 0.06787 0.87139 0.06787 0.86561 0.05957 0.84610 0.06348 0.82731 0.07715 0.82153 0.09082 0.82731 0.10254 0.82587 0.11035 0.82731 0.12305 0.81720 0.12354 0.81069 0.12158 0.80347 0.12305 0.79118 0.12061 0.77890 0.12158 0.76445 0.11963 0.74422 0.11865 0.73555 0.12207 0.73194 0.12451 0.71387 0.12939 0.72543 0.12744 0.74133 0.13330 0.75289 0.13037 0.76445 0.13818 0.78757 0.14404 0.79913 0.14795 0.81503 0.15283 0.82225 0.15625 0.82298 0.17773 0.83020 0.18408 0.82225 0.18994 0.83815 0.19385 0.84249 0.20068 0.84538 0.19678 0.86416 0.19385 0.86127 0.18604 0.85694 0.19043 0.86922 0.18604 0.88728 0.18018 0.90462 0.18018 0.87717 0.17188 0.84754 0.17334 0.86561 0.17578 0.88078 0.17041 0.88439 0.17529 0.90318 0.16797 0.91835 0.15283 0.92341 0.15039 0.89668 0.14307 0.92197 0.14307 0.92919 0.14111 0.94942 0.13672 0.94147 0.12744 0.95954 0.12109 0.95737 0.11328 0.96893
0 0.09863 0.14668 0.09180 0.14523 0.08594 0.14668 0.08105 0.14234 0.07764 0.14017 0.07471 0.11416 0.07031 0.10043 0.06543 0.09899 0.05908 0.09393 0.06396 0.08960 0.05420 0.08237 0.05615 0.07081 0.04834 0.06358 0.05273 0.06142 0.05762 0.05708 0.06250 0.05708 0.06592 0.05925 0.06250 0.06431 0.06836 0.06575 0.07275 0.06214 0.07227 0.05708 0.07471 0.05780 0.06836 0.04841 0.06982 0.04191 0.06982 0.03179 0.05615 0.04335 0.04297 0.04552 0.04443 0.04046 0.05176 0.03396 0.04883 0.02962 0.05176 0.02529 0.05811 0.01734 0.05615 0.00723 0.06152 0.00650 0.06934 0.00361 0.07568 0.01734 0.07471 0.03035 0.07178 0.03902 0.06982 0.04769 0.07959 0.04769 0.08203 0.04118 0.08545 0.04191 0.08252 0.03613 0.08252 0.02890 0.08838 0.02457 0.08105 0.01517 0.08057 0.00434 0.09082 0.00795 0.09814 0.00867 0.09814 0.01590 0.10156 0.02818 0.11377 0.03035 0.11377 0.03468 0.11475 0.05202 0.12256 0.05058 0.12842 0.05491 0.12939 0.06214 0.13037 0.07081 0.13770 0.07587 0.14209 0.07370 0.13818 0.08526 0.12988 0.09754 0.12939 0.10549 0.12842 0.11416 0.12207 0.12500 0.11230 0.14523 0.10547 0.14523 0.09863 0.14668
