0 0.73828 0.66257 0.72070 0.65824 0.71094 0.65101 0.69873 0.63439 0.68311 0.60549 0.67822 0.58526 0.67822 0.56358 0.68018 0.55636 0.69141 0.54118 0.70020 0.53540 0.70703 0.53540 0.71680 0.54263 0.72119 0.54913 0.72607 0.56792 0.73291 0.58092 0.74951 0.60260 0.75244 0.61561 0.75244 0.63584 0.74658 0.65029 0.73828 0.66257
0 0.66309 0.74350 0.64746 0.74350 0.63477 0.72905 0.62646 0.71243 0.62646 0.69075 0.62842 0.67919 0.63916 0.64595 0.64697 0.63295 0.64893 0.62572 0.65820 0.61633 0.66113 0.61633 0.66602 0.61199 0.67578 0.61055 0.67871 0.61633 0.68311 0.61994 0.69092 0.63584 0.69287 0.65607 0.68994 0.68208 0.68018 0.72543 0.67285 0.73627 0.66309 0.74350
0 0.75879 0.32009 0.74121 0.32009 0.72656 0.31286 0.72363 0.31431 0.70703 0.29408 0.68604 0.26301 0.68604 0.24855 0.68994 0.24133 0.69385 0.22688 0.70215 0.21460 0.70605 0.21171 0.71191 0.21171 0.72559 0.21460 0.73242 0.21893 0.76709 0.26301 0.77295 0.28035 0.77393 0.30058 0.76709 0.30925 0.76562 0.31431 0.75879 0.32009
0 0.77637 0.59610 0.75098 0.59465 0.73584 0.57225 0.73291 0.55780 0.73291 0.53179 0.74170 0.48844 0.74365 0.48266 0.74951 0.47543 0.75146 0.46821 0.76074 0.46026 0.76953 0.46026 0.78027 0.46749 0.78369 0.47110 0.78857 0.48699 0.78955 0.52890 0.78369 0.54624 0.78174 0.56792 0.78271 0.57225 0.78076 0.58092 0.78174 0.58671 0.78076 0.59104 0.77637 0.59610
0 0.67578 0.56142 0.66943 0.55925 0.66943 0.55636 0.66553 0.55058 0.66064 0.53757 0.65674 0.51156 0.65283 0.45231 0.66016 0.43280 0.66699 0.42847 0.67871 0.42558 0.69434 0.43136 0.69873 0.43642 0.70166 0.44798 0.70459 0.45087 0.70654 0.46243 0.70557 0.47977 0.71045 0.51301 0.70557 0.52023 0.70361 0.52601 0.70459 0.53035 0.70312 0.53251 0.69141 0.53829 0.67578 0.56142
0 0.76172 0.43569 0.75293 0.43425 0.74902 0.43136 0.73926 0.41835 0.73291 0.41329 0.72607 0.40029 0.71143 0.36127 0.71045 0.34827 0.71533 0.33526 0.72559 0.31864 0.73145 0.31864 0.74805 0.34176 0.76172 0.35332 0.76514 0.36127 0.75830 0.39017 0.76709 0.41908 0.76611 0.42775 0.76172 0.43569
0 0.82617 0.63367 0.80762 0.62645 0.80371 0.62211 0.79639 0.60983 0.78857 0.58526 0.78467 0.56647 0.78564 0.54624 0.79248 0.53035 0.79688 0.52529 0.80566 0.52529 0.82129 0.53107 0.83789 0.54697 0.84912 0.56647 0.84521 0.61127 0.84180 0.61633 0.83496 0.61922 0.82617 0.63367
0 0.83008 0.52095 0.81836 0.52095 0.81055 0.51373 0.80420 0.50434 0.79443 0.47977 0.78760 0.45520 0.78174 0.44509 0.78271 0.42197 0.78857 0.40896 0.79688 0.39812 0.80371 0.39812 0.80859 0.40101 0.81934 0.41402 0.83252 0.42486 0.83838 0.46243 0.84717 0.48988 0.84814 0.50000 0.84473 0.51084 0.83008 0.52095
0 0.86523 0.50361 0.85840 0.50072 0.84619 0.48121 0.83643 0.45087 0.83350 0.43208 0.84033 0.40751 0.85059 0.39090 0.85547 0.38801 0.86719 0.39234 0.87109 0.39957 0.87744 0.40607 0.88721 0.42486 0.89404 0.44798 0.89404 0.45665 0.89209 0.46243 0.89209 0.48266 0.88818 0.49422 0.87695 0.50072 0.86523 0.50361
0 0.92480 0.35332 0.92188 0.35043 0.91895 0.35332 0.90527 0.35188 0.89746 0.34754 0.89502 0.34393 0.89209 0.32514 0.89209 0.31647 0.89502 0.30347 0.90820 0.28396 0.91602 0.27673 0.92871 0.26951 0.94141 0.26517 0.95605 0.26951 0.95996 0.27673 0.96533 0.27890 0.97021 0.29191 0.97217 0.30780 0.97119 0.31647 0.96387 0.31864 0.95312 0.33165 0.93848 0.34032 0.92480 0.35332
0 0.99902 0.35332 0.99756 0.35405 0.99561 0.36561 0.99121 0.36922 0.98682 0.37861 0.98682 0.38295 0.98193 0.39451 0.97363 0.40535 0.96191 0.41113 0.95605 0.41835 0.95020 0.42124 0.94141 0.42124 0.93652 0.41835 0.92090 0.41980 0.91748 0.41329 0.92432 0.38873 0.92529 0.37861 0.92236 0.36416 0.92285 0.35910 0.93945 0.34321 0.95312 0.33454 0.96680 0.32009 0.97852 0.31864 0.99902 0.32587
0 0.87988 0.32876 0.87695 0.32876 0.85840 0.31431 0.85693 0.30925 0.84814 0.29769 0.84619 0.28902 0.84521 0.26734 0.84326 0.25867 0.84424 0.23988 0.84619 0.23699 0.84814 0.22688 0.85352 0.21893 0.85840 0.21604 0.87109 0.21315 0.87988 0.21460 0.89014 0.22832 0.89600 0.25145 0.90381 0.27312 0.90381 0.28035 0.89600 0.29480 0.89209 0.31358 0.88867 0.32009 0.87988 0.32876
0 0.93164 0.22038 0.92188 0.21460 0.91699 0.21460 0.91260 0.20809 0.90186 0.17919 0.90088 0.16329 0.89697 0.14884 0.89795 0.12139 0.90186 0.09682 0.90771 0.08237 0.91406 0.07298 0.91699 0.07153 0.92676 0.07442 0.93994 0.08960 0.94189 0.09971 0.95166 0.12139 0.96045 0.16474 0.96045 0.17630 0.95557 0.19220 0.94629 0.20303 0.93750 0.21749 0.93164 0.22038
0 0.96484 0.12066 0.95898 0.12066 0.95459 0.11705 0.95361 0.10838 0.94873 0.09682 0.94678 0.08671 0.94385 0.08237 0.94287 0.05925 0.94775 0.04191 0.95312 0.03396 0.95898 0.02962 0.96680 0.02818 0.97656 0.03251 0.98486 0.04191 0.98975 0.05636 0.98975 0.07370 0.98584 0.09682 0.97998 0.11127 0.97266 0.11777 0.96484 0.12066
0 0.90234 0.07298 0.89062 0.07298 0.88379 0.06720 0.87695 0.05708 0.86914 0.05275 0.86670 0.04913 0.86475 0.04046 0.85010 0.01590 0.85352 0.01517 0.85596 0.00867 0.84863 0.00650 0.84814 0.00434 0.86328 0.00217 0.90137 0.00217 0.91992 0.00506 0.92529 0.02023 0.92822 0.03902 0.92725 0.04769 0.91504 0.06720 0.90527 0.07009 0.90234 0.07298
0 0.88965 0.74783 0.87695 0.74783 0.86865 0.74277 0.86475 0.73555 0.86475 0.72399 0.85889 0.70231 0.85791 0.69075 0.86182 0.67486 0.86670 0.66329 0.87598 0.65535 0.88574 0.64234 0.89551 0.63801 0.91113 0.63945 0.91553 0.64740 0.91846 0.65751 0.91846 0.69075 0.91650 0.69942 0.91650 0.71532 0.90039 0.74205 0.88965 0.74783
0 0.94531 0.87211 0.93262 0.87211 0.91748 0.85116 0.91748 0.79913 0.92139 0.78035 0.93115 0.75578 0.93555 0.74928 0.95312 0.74494 0.95996 0.74928 0.97119 0.76590 0.97217 0.78757 0.96924 0.80636 0.96826 0.83092 0.96045 0.85260 0.94922 0.86922 0.94531 0.87211
0 0.84180 0.78540 0.82910 0.78540 0.81738 0.78107 0.81104 0.77168 0.80615 0.76012 0.80225 0.74422 0.80322 0.71965 0.80615 0.70665 0.81738 0.68858 0.82324 0.68569 0.84375 0.68569 0.85059 0.69003 0.85596 0.69942 0.85498 0.70954 0.86279 0.73410 0.86377 0.75578 0.84668 0.78251 0.84180 0.78540
0 0.80664 0.82731 0.79492 0.82587 0.78516 0.82009 0.76855 0.80275 0.75049 0.77312 0.74756 0.75867 0.74756 0.74855 0.75293 0.73338 0.76172 0.73338 0.77246 0.74061 0.78613 0.74494 0.79590 0.74494 0.80029 0.75000 0.80518 0.76445 0.81738 0.78540 0.82617 0.78540 0.82861 0.78757 0.82959 0.79624 0.82568 0.81069 0.81934 0.82009 0.80664 0.82731
0 0.72070 0.77818 0.71289 0.77818 0.70605 0.77095 0.69580 0.75289 0.69092 0.73410 0.69189 0.70954 0.69775 0.68064 0.70508 0.66980 0.71582 0.66402 0.72266 0.66691 0.72803 0.67341 0.72803 0.68931 0.73975 0.71098 0.74463 0.72543 0.73975 0.76156 0.72656 0.77529 0.72070 0.77818
0 0.70508 0.82876 0.69043 0.82731 0.67236 0.80202 0.66650 0.78902 0.65967 0.76590 0.65967 0.74855 0.66211 0.74494 0.66699 0.74350 0.67871 0.73338 0.68750 0.73338 0.70068 0.76445 0.72314 0.79046 0.72510 0.79624 0.72510 0.80491 0.72314 0.81069 0.71387 0.82442 0.70508 0.82876
0 0.73828 0.99783 0.72559 0.99639 0.71973 0.99350 0.71582 0.99494 0.71045 0.98410 0.71143 0.97399 0.71680 0.96893 0.72119 0.96098 0.71924 0.95665 0.72021 0.93642 0.73291 0.91040 0.74902 0.89090 0.77441 0.87066 0.78809 0.87066 0.79541 0.88295 0.79834 0.89306 0.79639 0.91185 0.79150 0.92919 0.77393 0.96387 0.75391 0.99205 0.73828 0.99783
0 0.86035 0.89812 0.83887 0.89668 0.81055 0.88078 0.80322 0.87139 0.79736 0.85694 0.79541 0.84827 0.79639 0.83526 0.80469 0.83309 0.80664 0.83020 0.81152 0.83165 0.81250 0.82876 0.82227 0.82153 0.82812 0.81431 0.83398 0.81431 0.84082 0.82009 0.85840 0.82009 0.87158 0.83815 0.87451 0.85549 0.87256 0.88728 0.86621 0.89523 0.86035 0.89812
0 0.63965 0.96460 0.63770 0.96460 0.63330 0.95809 0.62842 0.94509 0.63037 0.93353 0.62842 0.91763 0.63525 0.89595 0.64502 0.87572 0.66699 0.84032 0.67676 0.83309 0.68945 0.83309 0.69385 0.84104 0.69482 0.85260 0.69482 0.88873 0.69385 0.89884 0.68994 0.91185 0.67871 0.93280 0.66211 0.94292 0.65723 0.95737 0.65430 0.95737 0.64941 0.96171 0.64258 0.96171 0.63965 0.96460
0 0.60547 0.78974 0.59912 0.77457 0.58447 0.74855 0.57959 0.72832 0.58154 0.69798 0.58350 0.69220 0.58984 0.68569 0.60938 0.69292 0.61621 0.69292 0.62012 0.69581 0.62451 0.70231 0.62451 0.70809 0.63037 0.72399 0.64648 0.74494 0.65332 0.74783 0.65576 0.75578 0.65576 0.76445 0.64453 0.77673 0.63965 0.77673 0.63281 0.77240 0.61914 0.77384 0.61328 0.77818 0.60547 0.78974
0 0.78027 0.26806 0.76953 0.26373 0.75146 0.23988 0.75146 0.21243 0.75537 0.19364 0.76123 0.17775 0.76758 0.16980 0.78418 0.15968 0.80176 0.16113 0.80469 0.16257 0.80908 0.17052 0.80908 0.18064 0.81201 0.19364 0.81104 0.21098 0.80664 0.21749 0.80371 0.21749 0.79980 0.20882 0.79443 0.21243 0.79150 0.22399 0.78467 0.23410 0.78467 0.25000 0.78027 0.26806
0 0.63086 0.20303 0.62695 0.20159 0.62012 0.19147 0.61182 0.19075 0.60791 0.16763 0.60059 0.15535 0.58740 0.14740 0.58154 0.12572 0.57666 0.11705 0.57666 0.09104 0.57861 0.08526 0.58789 0.07587 0.59277 0.06720 0.60938 0.06720 0.62305 0.07731 0.62842 0.08671 0.63135 0.09971 0.64893 0.14740 0.64990 0.16329 0.64697 0.18208 0.64502 0.18497 0.64795 0.19075 0.64502 0.19509 0.64551 0.19725 0.63672 0.19725 0.63574 0.20014 0.63086 0.20303
0 0.71680 0.12066 0.70898 0.11633 0.69727 0.10477 0.66162 0.05202 0.65869 0.04480 0.65674 0.03179 0.65967 0.01301 0.66504 0.00506 0.69629 0.00361 0.71973 0.02384 0.72363 0.03107 0.72559 0.03107 0.73389 0.04191 0.74170 0.05925 0.74463 0.06647 0.74463 0.07081 0.74854 0.07803 0.74756 0.08526 0.73877 0.09393 0.73877 0.09971 0.73438 0.11055 0.72754 0.11633 0.71680 0.12066
0 0.59180 0.63656 0.58203 0.63512 0.57861 0.62717 0.57764 0.61850 0.57275 0.60260 0.57666 0.58382 0.59473 0.55564 0.60254 0.54841 0.60840 0.53829 0.61523 0.53251 0.62207 0.52962 0.63281 0.52962 0.64062 0.53251 0.65039 0.53974 0.65381 0.54769 0.65674 0.56792 0.65186 0.59104 0.65039 0.59321 0.64551 0.59321 0.63672 0.59032 0.63281 0.59321 0.61621 0.62355 0.60059 0.62934 0.59180 0.63656
0 0.59570 0.47182 0.58301 0.46893 0.57715 0.46460 0.57471 0.45809 0.57275 0.44509 0.58057 0.40751 0.59766 0.37934 0.60547 0.37211 0.62109 0.36633 0.63574 0.36777 0.63818 0.37139 0.63916 0.37861 0.64111 0.41329 0.63623 0.42919 0.63525 0.43786 0.61035 0.46171 0.60645 0.46749 0.59570 0.47182
0 0.56738 0.76517 0.55371 0.76228 0.53906 0.75361 0.51855 0.73194 0.50439 0.70520 0.50146 0.69509 0.50244 0.67630 0.50732 0.65173 0.51074 0.64668 0.52051 0.63945 0.53125 0.63801 0.53711 0.64090 0.56299 0.67630 0.57568 0.70665 0.57568 0.72254 0.56885 0.73555 0.57178 0.74711 0.56982 0.75578 0.57080 0.76012 0.56738 0.76517
0 0.51562 0.92269 0.50098 0.91546 0.49805 0.91113 0.49316 0.90968 0.48486 0.90173 0.48486 0.88728 0.48877 0.87428 0.49463 0.86416 0.49658 0.85549 0.49854 0.85405 0.50342 0.84104 0.50879 0.83598 0.52051 0.81864 0.53223 0.81286 0.54199 0.81286 0.55273 0.81864 0.56201 0.83382 0.56494 0.84538 0.56494 0.85983 0.56104 0.87572 0.55566 0.88367 0.54688 0.88945 0.52832 0.91402 0.52148 0.91546 0.51562 0.92269
0 0.49121 0.98916 0.47754 0.98338 0.47363 0.98483 0.47412 0.97977 0.46240 0.95665 0.45947 0.94653 0.45850 0.93642 0.46240 0.92052 0.46924 0.91329 0.47363 0.90246 0.48047 0.89812 0.49316 0.91113 0.50977 0.92124 0.51904 0.94075 0.52002 0.95376 0.51611 0.96821 0.50391 0.98483 0.49316 0.98627 0.49121 0.98916
0 0.46191 0.41113 0.45020 0.40824 0.44434 0.40390 0.43018 0.38295 0.42627 0.36850 0.41748 0.35116 0.41357 0.32948 0.41162 0.32659 0.41260 0.29335 0.41650 0.28179 0.42285 0.27240 0.42773 0.26951 0.43262 0.26806 0.44629 0.27095 0.45850 0.28902 0.46240 0.30058 0.47217 0.31503 0.47510 0.32514 0.47510 0.33382 0.47803 0.34393 0.47900 0.35694 0.48682 0.37139 0.48682 0.37717 0.47510 0.40173 0.46191 0.41113
0 0.50977 0.60043 0.49023 0.59754 0.48047 0.59032 0.47217 0.57659 0.46924 0.55780 0.47021 0.53468 0.47510 0.51734 0.48145 0.50650 0.49609 0.49783 0.50488 0.49783 0.51855 0.50795 0.52686 0.51879 0.53467 0.53324 0.53662 0.54191 0.53662 0.56214 0.53467 0.57225 0.52979 0.58382 0.52148 0.59610 0.50977 0.60043
0 0.46680 0.75361 0.45508 0.75072 0.44482 0.74133 0.44482 0.73555 0.44092 0.72688 0.43994 0.71821 0.44189 0.66763 0.44775 0.64306 0.45264 0.62861 0.45752 0.61994 0.46387 0.61199 0.46973 0.60910 0.48145 0.60910 0.48926 0.61488 0.49756 0.62717 0.50342 0.64306 0.50342 0.65896 0.50146 0.66329 0.49854 0.69509 0.49268 0.71532 0.48779 0.72543 0.48682 0.73266 0.47559 0.74783 0.46680 0.75361
0 0.57031 0.30419 0.56445 0.30419 0.55762 0.29841 0.55273 0.29118 0.53711 0.27962 0.53467 0.27601 0.53662 0.25578 0.54980 0.23338 0.56152 0.22616 0.58203 0.20882 0.59180 0.20592 0.60059 0.20014 0.61328 0.20159 0.62549 0.21676 0.63135 0.23988 0.63428 0.24422 0.63086 0.25072 0.61914 0.25939 0.61230 0.26084 0.60010 0.28179 0.59180 0.29118 0.57910 0.29697 0.57031 0.30419
0 0.54980 0.22471 0.53711 0.22471 0.53027 0.22182 0.52686 0.21676 0.52686 0.19942 0.52002 0.17775 0.51465 0.16980 0.50195 0.16402 0.49072 0.15029 0.49365 0.13584 0.49951 0.11994 0.50488 0.11199 0.51562 0.10332 0.54199 0.12066 0.55908 0.14740 0.57178 0.17486 0.57568 0.20520 0.57471 0.20809 0.57129 0.21315 0.55469 0.21460 0.54980 0.22471
0 0.48926 0.12934 0.47266 0.12934 0.45703 0.12355 0.44775 0.10549 0.43994 0.09682 0.43799 0.08237 0.44189 0.06214 0.45947 0.01734 0.46777 0.00506 0.48340 0.00217 0.51855 0.00217 0.52881 0.02023 0.52979 0.03613 0.52734 0.03685 0.51318 0.05780 0.51318 0.06503 0.51514 0.07081 0.51416 0.08092 0.50732 0.10549 0.48926 0.12934
0 0.39160 0.93858 0.37793 0.93569 0.36377 0.91329 0.36279 0.90607 0.36670 0.88728 0.37500 0.87066 0.38672 0.86199 0.40723 0.85910 0.41797 0.85188 0.42871 0.84899 0.44629 0.85477 0.46240 0.87139 0.46240 0.89162 0.45312 0.91835 0.41602 0.93425 0.39160 0.93858
0 0.33789 0.68280 0.32715 0.67558 0.32178 0.66763 0.31494 0.65029 0.31396 0.64306 0.30908 0.63439 0.30615 0.61994 0.29834 0.60694 0.29443 0.59104 0.29443 0.57948 0.29834 0.56647 0.30518 0.55347 0.30615 0.54769 0.31152 0.54408 0.33496 0.54408 0.33789 0.54697 0.35986 0.58671 0.36768 0.60694 0.36768 0.61127 0.37451 0.63150 0.37354 0.64162 0.36230 0.66980 0.35352 0.67991 0.33789 0.68280
0 0.38965 0.60477 0.37598 0.60477 0.36914 0.60043 0.36279 0.58960 0.35596 0.57081 0.35010 0.56358 0.34521 0.55202 0.33643 0.53902 0.33545 0.52601 0.33252 0.51445 0.33252 0.49422 0.33447 0.47688 0.33838 0.45520 0.34229 0.44364 0.34619 0.43786 0.34814 0.42630 0.35547 0.41546 0.35889 0.41763 0.36768 0.44075 0.37988 0.45014 0.38330 0.45954 0.38232 0.48844 0.38721 0.50723 0.39307 0.54191 0.39307 0.56069 0.39600 0.58671 0.39404 0.60260 0.38965 0.60477
0 0.31055 0.30853 0.30566 0.30853 0.29492 0.29986 0.27979 0.27746 0.28955 0.25145 0.29590 0.24061 0.31738 0.22471 0.34180 0.21315 0.34961 0.21460 0.36035 0.22616 0.36621 0.22471 0.36768 0.22688 0.37158 0.23844 0.36963 0.25145 0.36475 0.26590 0.34961 0.29118 0.31055 0.30853
0 0.24707 0.46604 0.24023 0.46460 0.23193 0.45520 0.22998 0.43642 0.23096 0.43064 0.22900 0.42486 0.22998 0.41329 0.23877 0.39451 0.23877 0.39017 0.24170 0.38439 0.24170 0.37861 0.24463 0.37283 0.24463 0.33671 0.24756 0.32803 0.25049 0.30925 0.25830 0.29913 0.26367 0.28829 0.27246 0.28251 0.28027 0.28251 0.30225 0.31214 0.30518 0.31936 0.30518 0.32948 0.29932 0.34971 0.29736 0.36416 0.28760 0.39162 0.28467 0.40896 0.27100 0.43931 0.26807 0.45231 0.26562 0.45737 0.25781 0.46315 0.24707 0.46604
0 0.33691 0.76228 0.31641 0.76228 0.30664 0.75795 0.29590 0.74928 0.27344 0.72327 0.25830 0.70087 0.25439 0.68642 0.25781 0.68280 0.26367 0.68280 0.26758 0.67991 0.27539 0.66980 0.28809 0.66113 0.30762 0.66546 0.32031 0.67413 0.33936 0.69509 0.34326 0.70231 0.34619 0.71387 0.34912 0.73410 0.34717 0.75289 0.34473 0.75795 0.33691 0.76228
0 0.45703 0.83454 0.44531 0.83309 0.43750 0.82009 0.42676 0.81142 0.41895 0.80130 0.41309 0.79697 0.40723 0.79697 0.40234 0.79408 0.40039 0.78540 0.39062 0.78685 0.38672 0.78251 0.38379 0.78540 0.38086 0.78396 0.37939 0.78179 0.37939 0.76590 0.38232 0.75145 0.39453 0.73483 0.41992 0.73483 0.42773 0.73916 0.43555 0.73916 0.45898 0.76228 0.46533 0.77457 0.46729 0.78613 0.47510 0.80491 0.47510 0.81069 0.46289 0.83165 0.45703 0.83454
0 0.26855 0.97327 0.25391 0.97327 0.24414 0.97038 0.22998 0.95809 0.22607 0.94220 0.22607 0.93064 0.23340 0.90535 0.24609 0.89668 0.26172 0.89234 0.29590 0.89234 0.31250 0.89812 0.31885 0.90607 0.32373 0.92052 0.32373 0.92630 0.31787 0.93497 0.31885 0.94220 0.31348 0.95448 0.29980 0.97038 0.27930 0.97038 0.26855 0.97327
0 0.25977 0.68136 0.24219 0.67991 0.22949 0.67124 0.21484 0.66546 0.20215 0.65246 0.18555 0.64379 0.17383 0.63367 0.16943 0.62572 0.16650 0.61272 0.16748 0.58526 0.16943 0.57948 0.17383 0.57587 0.17871 0.57587 0.18848 0.57009 0.19629 0.56864 0.21680 0.58743 0.23730 0.58743 0.26270 0.60043 0.27344 0.61055 0.27686 0.61705 0.27783 0.62572 0.28076 0.63295 0.28857 0.64162 0.28760 0.65607 0.26758 0.67702 0.25977 0.68136
0 0.26465 0.25795 0.24512 0.25795 0.23730 0.24639 0.22656 0.23916 0.21875 0.22905 0.21289 0.22471 0.19775 0.20231 0.19385 0.18642 0.19482 0.17775 0.19873 0.16763 0.19482 0.16185 0.19287 0.15462 0.19531 0.14812 0.20020 0.14668 0.20605 0.14957 0.22461 0.14957 0.23828 0.15679 0.25293 0.16980 0.27588 0.20231 0.27979 0.21243 0.28271 0.22977 0.28174 0.24133 0.27734 0.25072 0.26465 0.25795
0 0.09570 0.24928 0.08691 0.23772 0.07031 0.23772 0.05615 0.22254 0.05322 0.21387 0.05420 0.18642 0.06201 0.16329 0.06396 0.15173 0.07812 0.12934 0.08398 0.12500 0.09766 0.10332 0.10547 0.09899 0.11621 0.09754 0.12207 0.10043 0.12939 0.11127 0.13428 0.13006 0.13916 0.13728 0.13916 0.14162 0.12939 0.15029 0.12354 0.17052 0.11670 0.18353 0.10400 0.21676 0.10498 0.23121 0.10303 0.24277 0.09961 0.24783 0.09570 0.24928
0 0.21484 0.40824 0.20508 0.40824 0.19385 0.39884 0.19385 0.37861 0.18799 0.36561 0.18896 0.35260 0.20068 0.29913 0.20801 0.28829 0.21387 0.28396 0.21973 0.28107 0.22754 0.28107 0.23730 0.28829 0.24268 0.29624 0.24658 0.30636 0.24561 0.32081 0.23682 0.37572 0.23096 0.39884 0.22559 0.40390 0.21484 0.40824
0 0.20020 0.28251 0.19531 0.28251 0.19287 0.27457 0.18945 0.27240 0.18164 0.27529 0.16260 0.25000 0.16260 0.24711 0.15186 0.22543 0.14990 0.21965 0.14893 0.20231 0.15186 0.17630 0.15723 0.16691 0.16113 0.16402 0.16895 0.16402 0.18164 0.16835 0.18457 0.17124 0.19385 0.18353 0.19385 0.18931 0.19873 0.20520 0.22412 0.24422 0.22607 0.25000 0.22607 0.26879 0.22412 0.27457 0.21973 0.27673 0.20801 0.27673 0.20020 0.28251
0 0.17383 0.57587 0.16895 0.57587 0.16650 0.57225 0.15771 0.54191 0.15283 0.48121 0.15576 0.46965 0.16064 0.45954 0.17285 0.44436 0.17773 0.44292 0.18848 0.45448 0.19922 0.46171 0.20361 0.46965 0.20850 0.48555 0.21045 0.51734 0.20361 0.54046 0.20166 0.54913 0.20264 0.55202 0.19971 0.56069 0.19434 0.56575 0.17383 0.57587
0 0.03613 0.54118 0.03125 0.54118 0.02734 0.53829 0.01807 0.52746 0.01807 0.50867 0.02100 0.49277 0.03271 0.47110 0.05469 0.44003 0.06934 0.42847 0.07812 0.42558 0.08887 0.42702 0.10205 0.44942 0.10400 0.45954 0.10303 0.47688 0.08105 0.51084 0.07227 0.51951 0.06641 0.52962 0.05176 0.53107 0.03613 0.54118
0 0.40137 0.24494 0.39893 0.24277 0.39502 0.23266 0.39307 0.22399 0.39307 0.20954 0.38623 0.19364 0.38525 0.16185 0.38818 0.12861 0.39307 0.11850 0.40430 0.10332 0.41699 0.10188 0.42090 0.10332 0.42725 0.11127 0.43701 0.14017 0.43701 0.15029 0.43994 0.16763 0.43896 0.17919 0.44287 0.19364 0.44092 0.20087 0.44287 0.20809 0.44189 0.22254 0.43945 0.23627 0.42773 0.22616 0.42480 0.22760 0.41699 0.22471 0.41406 0.22616 0.40137 0.24494
0 0.20410 0.77529 0.19629 0.77529 0.18945 0.77240 0.18311 0.76445 0.17725 0.73699 0.17725 0.72543 0.18701 0.69364 0.19531 0.67702 0.20020 0.67124 0.20605 0.66835 0.22168 0.66980 0.24072 0.68208 0.23877 0.68786 0.23877 0.69653 0.23486 0.71676 0.23193 0.72254 0.22412 0.75289 0.21484 0.76806 0.20410 0.77529
0 0.09961 0.69870 0.07812 0.69725 0.07129 0.69147 0.05664 0.68425 0.04102 0.66980 0.03711 0.66835 0.02393 0.64595 0.02002 0.63728 0.01904 0.62428 0.01514 0.62139 0.01904 0.61705 0.02100 0.60549 0.02441 0.60043 0.03223 0.59465 0.04102 0.59321 0.05273 0.60188 0.07715 0.61055 0.10254 0.62934 0.10986 0.64162 0.11768 0.66618 0.11963 0.66763 0.11572 0.67197 0.11475 0.68497 0.11084 0.69364 0.10742 0.69725 0.09961 0.69870
0 0.12891 0.87066 0.12598 0.87066 0.12158 0.86561 0.11768 0.84971 0.11475 0.84538 0.10889 0.81936 0.11084 0.80202 0.11475 0.78757 0.13037 0.74422 0.14355 0.72471 0.14941 0.72038 0.15918 0.72038 0.16797 0.72471 0.17383 0.72471 0.17627 0.72688 0.17529 0.73699 0.17920 0.74422 0.18213 0.77601 0.15771 0.84249 0.14746 0.85332 0.13574 0.85621 0.13135 0.86416 0.13135 0.86850 0.12891 0.87066
0 0.24414 0.89379 0.23730 0.88945 0.22949 0.88945 0.21387 0.87789 0.19678 0.85838 0.18994 0.84104 0.18994 0.82225 0.19287 0.81069 0.20117 0.79841 0.20801 0.79408 0.21875 0.79408 0.23438 0.80130 0.25195 0.81864 0.26221 0.83382 0.26611 0.84538 0.26416 0.86850 0.25684 0.88512 0.24414 0.89379
0 0.07422 0.89379 0.05957 0.87934 0.04688 0.87066 0.03906 0.85910 0.03174 0.85694 0.03174 0.85116 0.02686 0.83237 0.01416 0.80780 0.01514 0.79913 0.01855 0.79263 0.02539 0.78685 0.03125 0.78540 0.05664 0.78396 0.06934 0.78974 0.07910 0.79697 0.10010 0.81792 0.10303 0.83382 0.11279 0.85260 0.11279 0.86994 0.10547 0.88512 0.07910 0.89090 0.07422 0.89379
0 0.18457 0.94147 0.17480 0.94003 0.15381 0.89740 0.15283 0.88150 0.15479 0.87283 0.15479 0.86272 0.15869 0.85260 0.16699 0.84465 0.18262 0.84321 0.18945 0.84754 0.20850 0.88728 0.22119 0.90896 0.22119 0.91763 0.21582 0.93136 0.19238 0.93714 0.18457 0.94147
0 0.03418 0.78396 0.02441 0.78396 0.02100 0.77601 0.01807 0.76445 0.01904 0.75145 0.01514 0.74566 0.01514 0.72543 0.01709 0.71821 0.01709 0.69509 0.01904 0.69220 0.02002 0.68353 0.03613 0.66835 0.06494 0.69075 0.06982 0.71965 0.07080 0.74566 0.06689 0.76156 0.06104 0.77601 0.05664 0.78251 0.05176 0.78107 0.03418 0.78396
0 0.29492 0.15246 0.27637 0.15246 0.26465 0.14957 0.25928 0.14306 0.25537 0.12572 0.25244 0.08815 0.25928 0.07659 0.26709 0.05491 0.27588 0.04480 0.28174 0.02890 0.28369 0.02023 0.28271 0.01734 0.28467 0.01301 0.29102 0.00795 0.30566 0.00650 0.31738 0.01084 0.32471 0.01879 0.32764 0.03613 0.32764 0.05202 0.32471 0.06936 0.31641 0.08165 0.31299 0.08382 0.31299 0.09682 0.30908 0.10116 0.31006 0.10983 0.30811 0.12139 0.30615 0.12283 0.30420 0.13295 0.29492 0.15246
0 0.31445 0.51517 0.30664 0.51517 0.30176 0.50650 0.29346 0.49855 0.28564 0.48121 0.28760 0.44075 0.29150 0.42341 0.29883 0.40679 0.30957 0.39957 0.31641 0.40246 0.32324 0.41402 0.32910 0.41980 0.33643 0.43208 0.33838 0.44075 0.33545 0.45520 0.33154 0.50289 0.32764 0.51012 0.32861 0.51301 0.32324 0.51228 0.31445 0.51517
