0 0.74219 0.23916 0.72363 0.23627 0.71680 0.23194 0.70215 0.22905 0.69141 0.22327 0.68359 0.22182 0.64941 0.19870 0.64600 0.19364 0.65332 0.18858 0.65918 0.18858 0.66797 0.18280 0.67188 0.18280 0.67969 0.17702 0.68506 0.16763 0.69092 0.14740 0.69385 0.14451 0.69580 0.13584 0.69580 0.11994 0.69287 0.10838 0.68457 0.09610 0.68262 0.09754 0.68262 0.09321 0.69238 0.09321 0.69922 0.09754 0.73926 0.10766 0.76562 0.12211 0.77637 0.12500 0.79395 0.14523 0.80322 0.16329 0.80322 0.17775 0.79834 0.18786 0.79150 0.19509 0.79248 0.19798 0.79053 0.19942 0.79053 0.20376 0.78223 0.21460 0.77832 0.21604 0.76953 0.22616 0.75977 0.23338 0.74219 0.23916
0 0.55664 0.20737 0.53809 0.20737 0.52051 0.20159 0.50293 0.18714 0.49365 0.17341 0.49170 0.16185 0.49268 0.13295 0.49951 0.11705 0.50781 0.10477 0.51562 0.09899 0.53223 0.09176 0.56445 0.08743 0.59082 0.08020 0.62402 0.07731 0.65137 0.08020 0.67188 0.08598 0.68018 0.09249 0.68115 0.10260 0.68359 0.10621 0.68848 0.10621 0.69287 0.10983 0.69482 0.12717 0.69385 0.14162 0.68799 0.15462 0.68506 0.16618 0.67871 0.17702 0.64258 0.19147 0.60645 0.19581 0.58984 0.20159 0.57910 0.20159 0.57129 0.20448 0.56641 0.20303 0.55664 0.20737
0 0.36621 0.21315 0.36035 0.21171 0.35059 0.20014 0.33887 0.19436 0.33350 0.18497 0.33154 0.15462 0.33643 0.11994 0.34033 0.10983 0.34668 0.10188 0.35547 0.10188 0.36719 0.09899 0.37012 0.09610 0.37207 0.09754 0.38477 0.09465 0.40039 0.09465 0.41113 0.09176 0.44043 0.09176 0.46680 0.10188 0.48242 0.11922 0.49072 0.13295 0.49072 0.15173 0.48877 0.16763 0.48584 0.17630 0.48096 0.18208 0.47803 0.18931 0.47070 0.19581 0.45996 0.20014 0.45020 0.19436 0.42773 0.19292 0.42188 0.19725 0.41406 0.19725 0.38965 0.20737 0.37109 0.20882 0.36621 0.21315
0 0.56836 0.31142 0.51660 0.30997 0.47754 0.29841 0.45898 0.28685 0.45947 0.25434 0.45752 0.25000 0.45752 0.23988 0.45947 0.23410 0.45947 0.22399 0.46484 0.21893 0.46631 0.21676 0.46533 0.21243 0.47461 0.20303 0.48047 0.19292 0.49219 0.19436 0.49707 0.19725 0.50488 0.19581 0.51465 0.19870 0.52539 0.20592 0.54102 0.20882 0.58105 0.20592 0.60303 0.23121 0.60791 0.24855 0.60693 0.26879 0.60303 0.28613 0.59668 0.29697 0.57812 0.30853 0.56836 0.31142
0 0.99902 0.52962 0.99756 0.53035 0.99756 0.55347 0.98975 0.56647 0.98633 0.57731 0.98340 0.58020 0.97656 0.58020 0.97363 0.58309 0.96191 0.58309 0.92773 0.57731 0.88965 0.55708 0.87842 0.54480 0.87256 0.51879 0.87256 0.50145 0.87646 0.48988 0.88965 0.47038 0.90723 0.46171 0.93066 0.46026 0.94043 0.45592 0.96191 0.45448 0.96680 0.45737 0.96875 0.45448 0.97754 0.45303 0.98242 0.44725 0.98926 0.44436 0.99316 0.43858 0.99902 0.43858
0 0.58203 0.48338 0.54102 0.48194 0.52539 0.47760 0.49219 0.47471 0.47461 0.47038 0.45996 0.46315 0.45020 0.45159 0.44482 0.44075 0.43701 0.41185 0.43604 0.39451 0.45801 0.36344 0.46582 0.35621 0.47363 0.35332 0.48535 0.35332 0.49512 0.35043 0.53613 0.35188 0.58203 0.35910 0.61621 0.36922 0.63184 0.38512 0.63916 0.40029 0.64111 0.41185 0.63818 0.43931 0.63232 0.45665 0.62305 0.46893 0.60742 0.47760 0.58203 0.48338
0 0.60742 0.53829 0.59766 0.53829 0.58789 0.53251 0.55664 0.50072 0.55615 0.49277 0.56055 0.49061 0.56152 0.48772 0.57129 0.48338 0.58301 0.48483 0.60840 0.47760 0.62695 0.46604 0.63135 0.45954 0.63721 0.44364 0.64014 0.41618 0.63916 0.40318 0.64062 0.40101 0.64355 0.40101 0.66504 0.41691 0.67334 0.43497 0.67432 0.45520 0.67725 0.46965 0.67725 0.47977 0.67432 0.48988 0.66992 0.49494 0.65723 0.50217 0.64648 0.51806 0.63672 0.52529 0.62988 0.52673 0.62012 0.53107 0.61328 0.53685 0.60742 0.53829
0 0.60938 0.66402 0.59375 0.66402 0.57617 0.65535 0.57227 0.65535 0.56348 0.64668 0.55469 0.64523 0.54590 0.63801 0.54199 0.63223 0.52930 0.62500 0.52148 0.61633 0.50391 0.60332 0.48926 0.58598 0.47266 0.57153 0.46143 0.55636 0.45850 0.54624 0.44580 0.52312 0.44287 0.49711 0.44092 0.49277 0.44092 0.48121 0.44287 0.47110 0.44678 0.46243 0.44922 0.45882 0.45312 0.45737 0.45801 0.46315 0.47949 0.47327 0.49512 0.47760 0.52051 0.48049 0.53906 0.48772 0.55664 0.50361 0.56055 0.50939 0.57324 0.51806 0.58301 0.52962 0.59961 0.54263 0.61426 0.56142 0.62842 0.58382 0.63525 0.61416 0.63525 0.64451 0.63135 0.64884 0.63037 0.65751 0.62305 0.66257 0.61230 0.66113 0.60938 0.66402
0 0.22461 0.38078 0.21973 0.38078 0.20557 0.37139 0.19775 0.33092 0.18994 0.30491 0.18652 0.30130 0.17920 0.30202 0.18311 0.29335 0.18311 0.28613 0.18018 0.27890 0.18018 0.27023 0.18311 0.26301 0.19043 0.25650 0.19678 0.24422 0.20898 0.22760 0.21875 0.22038 0.23828 0.21749 0.23877 0.20665 0.24072 0.19942 0.24414 0.19436 0.24902 0.19436 0.25244 0.19798 0.25244 0.20665 0.25684 0.21460 0.27930 0.21315 0.29199 0.21604 0.30664 0.22327 0.32324 0.22471 0.32910 0.22905 0.35205 0.26156 0.35303 0.27746 0.34717 0.29624 0.34424 0.31214 0.34131 0.31647 0.33838 0.32659 0.33496 0.32876 0.32617 0.34321 0.30078 0.35477 0.27148 0.35621 0.26172 0.36199 0.24707 0.35477 0.23828 0.35477 0.23779 0.36705 0.22461 0.38078
0 0.31348 0.44725 0.29199 0.43425 0.28516 0.43425 0.27832 0.44147 0.27539 0.43425 0.26562 0.43136 0.26123 0.42486 0.26025 0.40751 0.26318 0.39162 0.26514 0.36561 0.27246 0.36055 0.29395 0.35766 0.31445 0.34754 0.32520 0.34465 0.34033 0.31936 0.34814 0.29480 0.35352 0.28685 0.36230 0.28107 0.37891 0.27384 0.39746 0.26228 0.40820 0.26373 0.42188 0.27240 0.43701 0.29624 0.44385 0.31214 0.44287 0.32514 0.42236 0.37139 0.41113 0.38512 0.39648 0.39090 0.37988 0.40679 0.36133 0.41691 0.34180 0.43136 0.33203 0.44436 0.32031 0.44436 0.31348 0.44725
0 0.42969 0.65679 0.41602 0.65390 0.40820 0.63945 0.39746 0.63223 0.38916 0.61994 0.36572 0.57081 0.35303 0.53613 0.34912 0.52023 0.34912 0.50867 0.34521 0.49422 0.34619 0.48988 0.34424 0.48699 0.34521 0.48121 0.34326 0.47977 0.34326 0.46821 0.33740 0.45087 0.34326 0.43353 0.35645 0.42124 0.38281 0.40824 0.40039 0.42558 0.41553 0.45087 0.42627 0.47977 0.43604 0.49422 0.43604 0.49855 0.44189 0.51301 0.45264 0.55636 0.46143 0.57081 0.46045 0.58382 0.45459 0.59827 0.44971 0.61994 0.44238 0.62789 0.42920 0.62861 0.43018 0.63873 0.43604 0.65029 0.43555 0.65390 0.42969 0.65679
0 0.22168 0.59610 0.20703 0.59610 0.18750 0.58743 0.17334 0.57081 0.16650 0.55491 0.16455 0.54046 0.16650 0.53179 0.17627 0.51301 0.19043 0.49205 0.22461 0.45882 0.25488 0.44292 0.26074 0.43714 0.26660 0.43714 0.27246 0.44292 0.28027 0.44292 0.28223 0.44003 0.28906 0.44003 0.29395 0.43714 0.30371 0.44436 0.31055 0.44581 0.31250 0.44870 0.33105 0.44870 0.33838 0.45809 0.34131 0.46676 0.34131 0.48699 0.34521 0.49566 0.34814 0.50867 0.34570 0.51951 0.31543 0.54697 0.29492 0.55853 0.28613 0.56575 0.28223 0.56575 0.26758 0.57731 0.23438 0.59321 0.22168 0.59610
0 0.38379 0.79118 0.35938 0.78974 0.34863 0.77384 0.33691 0.77384 0.33496 0.77673 0.33154 0.77168 0.32959 0.76301 0.33252 0.74855 0.33740 0.74133 0.34033 0.70376 0.34619 0.68208 0.35303 0.66474 0.37402 0.62934 0.38672 0.62355 0.39062 0.62500 0.39551 0.63223 0.40625 0.63945 0.41797 0.65535 0.43555 0.65535 0.43799 0.66474 0.43604 0.69798 0.43213 0.71098 0.42627 0.72254 0.42334 0.73410 0.40430 0.76951 0.39844 0.77384 0.38672 0.78974 0.38379 0.79118
0 0.33301 0.99783 0.27734 0.99783 0.26855 0.99639 0.26611 0.99133 0.26514 0.94509 0.27002 0.91474 0.27002 0.87572 0.27393 0.85405 0.27490 0.83671 0.27881 0.81936 0.28076 0.81214 0.29297 0.79118 0.31543 0.77529 0.32031 0.77529 0.32422 0.78540 0.33105 0.78685 0.33740 0.79913 0.34326 0.82659 0.34326 0.83671 0.34521 0.84104 0.34424 0.84682 0.34619 0.87572 0.34326 0.89740 0.34424 0.91763 0.34131 0.94220 0.34131 0.96098 0.33838 0.99277 0.33301 0.99783
0 0.54688 0.99783 0.49219 0.99639 0.48438 0.98772 0.47852 0.99639 0.45312 0.99494 0.44580 0.98410 0.44580 0.97977 0.43994 0.96676 0.43896 0.95809 0.43213 0.93786 0.43213 0.92052 0.43701 0.90318 0.44141 0.89812 0.46289 0.89090 0.47070 0.89090 0.47656 0.89379 0.49023 0.89234 0.50781 0.89957 0.51416 0.91618 0.52979 0.93786 0.53369 0.94798 0.53662 0.96532 0.54053 0.97688 0.54395 0.98194 0.54590 0.98194 0.54736 0.98699 0.55127 0.99133 0.55225 0.99566 0.54688 0.99783
0 0.69824 0.99639 0.67188 0.98194 0.66553 0.97399 0.66406 0.95592 0.66650 0.92919 0.66113 0.90679 0.65039 0.92702 0.63379 0.89234 0.62402 0.86922 0.62354 0.85549 0.60986 0.84104 0.62158 0.83382 0.60889 0.81069 0.62744 0.80347 0.63135 0.80780 0.62744 0.78324 0.61719 0.77240 0.60498 0.74566 0.60010 0.70376 0.60303 0.67919 0.60938 0.68858 0.62402 0.70303 0.63281 0.71460 0.64111 0.67341 0.65576 0.68786 0.66455 0.68642 0.64795 0.64306 0.65332 0.60043 0.68848 0.57442 0.71582 0.55130 0.73340 0.52384 0.73975 0.48988 0.70605 0.48194 0.71973 0.47471 0.75195 0.48194 0.76660 0.48627 0.77588 0.48699 0.78320 0.49928 0.79150 0.49711 0.79199 0.53540 0.79541 0.54913 0.79443 0.57948 0.78467 0.60983 0.80029 0.64595 0.79736 0.68064 0.79443 0.70954 0.79150 0.69364 0.77100 0.68642 0.77686 0.70520 0.78174 0.70231 0.78076 0.72977 0.75195 0.73483 0.75146 0.75723 0.75342 0.79913 0.75635 0.83237 0.73633 0.84899 0.74463 0.89595 0.73291 0.91474 0.73340 0.94147 0.72021 0.91908 0.69824 0.91546 0.69922 0.92702 0.68457 0.92702 0.68115 0.94364 0.69922 0.94292 0.70117 0.96315 0.71436 0.96676 0.70850 0.97543 0.72900 0.98410 0.69922 0.99350
0 0.99902 0.24928 0.99268 0.26301 0.98730 0.27673 0.98242 0.28540 0.97656 0.27818 0.97510 0.28179 0.98486 0.29191 0.97705 0.30202 0.98633 0.31864 0.99023 0.32587 0.99658 0.34393 0.98486 0.35983 0.97070 0.34321 0.97119 0.32659 0.98438 0.32153 0.97168 0.31575 0.96729 0.32225 0.96289 0.32731 0.95117 0.33165 0.95508 0.33887 0.94336 0.34176 0.93555 0.32731 0.93018 0.31503 0.92969 0.29697 0.92432 0.30636 0.91650 0.30780 0.91162 0.30491 0.89355 0.31142 0.88477 0.30853 0.87061 0.32948 0.86719 0.34610 0.86670 0.34682 0.87500 0.36344 0.89209 0.37428 0.88818 0.38295 0.88086 0.37789 0.87451 0.38150 0.86914 0.38367 0.85498 0.36705 0.83203 0.35332 0.83105 0.36488 0.80859 0.36199 0.79736 0.32803 0.79004 0.34032 0.78955 0.31792 0.78857 0.29769 0.79590 0.28396 0.79639 0.26301 0.80029 0.22688 0.80225 0.18064 0.80615 0.15029 0.81787 0.11272 0.85596 0.05636 0.89844 0.04263 0.91699 0.03107 0.93848 0.02818 0.93359 0.01228 0.95605 0.01517 0.97021 0.04335 0.97266 0.05708 0.99365 0.08237 0.99414 0.08309 0.99365 0.16329 0.99170 0.19364
0 0.75098 0.99494 0.73730 0.98049 0.71240 0.95520 0.73584 0.95665 0.76416 0.95087 0.76758 0.95882 0.79297 0.97327 0.79150 0.92775 0.79248 0.87283 0.77539 0.84465 0.79639 0.81792 0.77930 0.77962 0.76318 0.82514 0.76172 0.84032 0.75977 0.87934 0.75830 0.90318 0.76318 0.92197 0.74658 0.92919 0.73535 0.94581 0.72363 0.92558 0.70605 0.91113 0.72217 0.89162 0.73535 0.88801 0.73975 0.88150 0.75244 0.83092 0.73730 0.84610 0.70898 0.86199 0.69775 0.87572 0.68164 0.88512 0.68457 0.90390 0.66992 0.91257 0.63672 0.89523 0.63232 0.82514 0.62744 0.77601 0.63281 0.76228 0.64990 0.73699 0.66455 0.73410 0.67529 0.73699 0.71045 0.72977 0.68994 0.75289 0.70166 0.77890 0.72461 0.79697 0.70947 0.75289 0.73877 0.75723 0.73975 0.74133 0.74902 0.71315 0.77100 0.71098 0.78906 0.71749 0.81689 0.71821 0.83350 0.72688 0.84473 0.68569 0.85205 0.64884 0.87451 0.67919 0.85547 0.70448 0.86768 0.72254 0.87939 0.76156 0.90186 0.78757 0.90479 0.82659 0.89941 0.88223 0.88818 0.90607 0.85693 0.91474 0.84180 0.91257 0.82617 0.95159 0.80469 0.97760 0.77393 0.98121
0 0.78711 0.74928 0.76367 0.73049 0.73975 0.72254 0.77637 0.70737 0.78613 0.69870 0.77393 0.69942 0.77344 0.66980 0.75098 0.68136 0.76904 0.69075 0.74951 0.69509 0.74023 0.68136 0.73389 0.69509 0.72119 0.71098 0.69922 0.71171 0.70410 0.72471 0.71826 0.73266 0.68457 0.74205 0.69238 0.73916 0.68164 0.73338 0.66797 0.73627 0.66406 0.71893 0.67285 0.72038 0.67285 0.70882 0.66650 0.68786 0.65723 0.66402 0.64893 0.64740 0.64160 0.61199 0.65234 0.60188 0.67090 0.59032 0.68848 0.57731 0.69922 0.57009 0.70752 0.56358 0.72900 0.53324 0.73779 0.53035 0.73975 0.49422 0.74609 0.47905 0.75635 0.47832 0.76660 0.44725 0.77734 0.40968 0.78320 0.40968 0.78076 0.38728 0.79883 0.37645 0.79150 0.38728 0.80371 0.39812 0.82910 0.41691 0.83252 0.44075 0.83789 0.45592 0.84570 0.46460 0.85547 0.46749 0.84473 0.46893 0.85352 0.48049 0.85986 0.48699 0.86963 0.52168 0.86572 0.57370 0.86621 0.58887 0.86133 0.61633 0.86768 0.61705 0.85791 0.64017 0.85742 0.65535 0.83887 0.62355 0.83545 0.64017 0.84131 0.67486 0.82959 0.68353 0.81055 0.71171 0.80322 0.70231 0.78467 0.72399
0 0.87598 0.50361 0.86084 0.45231 0.85498 0.38439 0.83789 0.35621 0.81348 0.35332 0.81055 0.34321 0.80078 0.32442 0.78760 0.32370 0.79102 0.31286 0.79443 0.28613 0.80176 0.26806 0.80273 0.23772 0.80420 0.21243 0.81104 0.17630 0.81201 0.13006 0.85156 0.06864 0.89648 0.04118 0.93359 0.02673 0.93164 0.01517 0.97021 0.03468 0.98047 0.05419 0.99414 0.08743 0.99463 0.11850 0.98975 0.14306 0.97705 0.15607 0.97852 0.11488 0.97168 0.12645 0.96240 0.13584 0.96924 0.15318 0.95996 0.14957 0.96289 0.14090 0.94727 0.14234 0.92676 0.14668 0.93750 0.14957 0.94482 0.16185 0.92871 0.17702 0.89990 0.18931 0.91260 0.21387 0.91162 0.22110 0.89746 0.23916 0.88281 0.22327 0.87939 0.23988 0.91553 0.26734 0.92383 0.24928 0.93408 0.25723 0.94971 0.27312 0.93701 0.28324 0.93066 0.29118 0.93799 0.30202 0.93018 0.30491 0.91797 0.30708 0.91797 0.32153 0.93896 0.32948 0.93848 0.34176 0.92578 0.34176 0.95703 0.35477 0.97168 0.36777 0.98584 0.36994 0.98975 0.40318 0.97559 0.43858 0.95605 0.44870 0.91504 0.46460 0.88818 0.47977 0.87598 0.50361
0 0.89355 0.87500 0.88672 0.86777 0.88086 0.86488 0.87451 0.85983 0.86914 0.84754 0.86230 0.84754 0.86279 0.85260 0.86182 0.85983 0.85156 0.86488 0.84912 0.85694 0.85449 0.85332 0.85156 0.84899 0.85547 0.84321 0.86719 0.82876 0.87549 0.82370 0.86523 0.81864 0.86084 0.81069 0.85254 0.79841 0.85010 0.79191 0.85840 0.77962 0.86084 0.76734 0.85498 0.76012 0.85010 0.75289 0.85791 0.73699 0.86572 0.73555 0.86182 0.74422 0.86816 0.74783 0.86914 0.75506 0.87842 0.75000 0.87451 0.75578 0.88672 0.76373 0.89258 0.76951 0.89746 0.77240 0.90332 0.76517 0.90186 0.77168 0.90381 0.78035 0.90723 0.79263 0.91699 0.79552 0.92480 0.79552 0.92920 0.78613 0.92627 0.77312 0.92871 0.76084 0.93066 0.77240 0.93799 0.77023 0.93164 0.78107 0.94678 0.78324 0.94580 0.79335 0.95020 0.79697 0.96143 0.79913 0.95850 0.81069 0.96240 0.81792 0.95752 0.82659 0.95215 0.83020 0.94629 0.84032 0.94189 0.84538 0.93848 0.85188 0.93213 0.83815 0.92480 0.83165 0.91992 0.84610 0.91504 0.84899 0.91016 0.84610 0.90332 0.84754 0.89941 0.85477 0.89990 0.86272 0.90039 0.87066 0.89551 0.86633 0.89697 0.87283
0 0.65430 0.37645 0.64893 0.37139 0.64893 0.36705 0.65283 0.36416 0.65088 0.35983 0.65283 0.34827 0.65186 0.34249 0.65430 0.33598 0.65625 0.34032 0.66113 0.33743 0.66602 0.33887 0.66748 0.33237 0.66113 0.32731 0.65723 0.32731 0.65430 0.33165 0.64648 0.33165 0.64355 0.32876 0.64307 0.33382 0.64502 0.33671 0.64307 0.34249 0.63965 0.34610 0.63672 0.34176 0.62695 0.33743 0.62451 0.32948 0.62451 0.32514 0.62695 0.32153 0.63672 0.31720 0.63965 0.30997 0.64307 0.30925 0.64307 0.30491 0.64062 0.30419 0.63916 0.30058 0.64453 0.30130 0.64600 0.29913 0.64893 0.29046 0.64697 0.28613 0.64893 0.28324 0.64502 0.27890 0.65234 0.27529 0.65332 0.26806 0.65576 0.27023 0.65479 0.27457 0.65625 0.28829 0.66016 0.29118 0.66504 0.28974 0.67090 0.29408 0.67188 0.29841 0.67480 0.29697 0.67627 0.29913 0.67627 0.30202 0.67041 0.31214 0.66846 0.32081 0.67529 0.32514 0.67529 0.33237 0.67090 0.33309 0.66748 0.33960 0.66943 0.34393 0.66455 0.34827 0.66846 0.35116 0.66748 0.35549 0.66943 0.35983 0.66699 0.36199 0.66406 0.35910 0.66211 0.36488 0.65381 0.37139 0.65430 0.37645
0 0.45410 0.80853 0.44824 0.80130 0.44385 0.79913 0.44189 0.79046 0.44531 0.78251 0.45166 0.77457 0.45996 0.76951 0.46582 0.76806 0.46826 0.75434 0.46289 0.75795 0.45459 0.74855 0.45654 0.73844 0.45996 0.72327 0.46631 0.71821 0.46680 0.70882 0.46094 0.70882 0.45361 0.70665 0.45557 0.69653 0.45166 0.68931 0.44971 0.67630 0.45166 0.66618 0.45898 0.65679 0.45752 0.66329 0.46143 0.68353 0.45996 0.69003 0.46240 0.67919 0.46582 0.68136 0.47314 0.67197 0.47461 0.66691 0.47852 0.67558 0.47510 0.68353 0.47705 0.69364 0.46973 0.70159 0.47363 0.70303 0.47949 0.70737 0.48340 0.70737 0.49268 0.70954 0.49365 0.71821 0.49951 0.72110 0.49756 0.70954 0.49854 0.70231 0.49414 0.69147 0.48926 0.69292 0.48438 0.69870 0.48389 0.69075 0.48047 0.68425 0.48096 0.67919 0.48682 0.67197 0.48730 0.66402 0.49512 0.67124 0.49268 0.68064 0.49609 0.68569 0.51172 0.68714 0.51855 0.67702 0.52734 0.68714 0.53076 0.69942 0.53174 0.71387 0.53467 0.72399 0.53027 0.73049 0.53369 0.73699 0.52930 0.73483 0.52637 0.74350 0.52832 0.74494 0.52246 0.74350 0.52197 0.74855 0.51807 0.76012 0.51611 0.77601 0.51318 0.77023 0.51416 0.76445 0.50732 0.76590 0.50098 0.77818 0.50146 0.76734 0.49902 0.76951 0.49756 0.76445 0.49561 0.75145 0.49023 0.75795 0.48682 0.75578 0.48926 0.76806 0.47949 0.76662 0.47705 0.77746 0.47021 0.78035 0.46875 0.79408 0.46436 0.79480 0.46680 0.78829 0.46191 0.79263 0.45557 0.79480 0.45752 0.80347 0.45410 0.80853
0 0.18262 0.92991 0.18945 0.90535 0.17578 0.90535 0.14844 0.89668 0.12354 0.89884 0.13770 0.87934 0.13135 0.85694 0.11865 0.82225 0.10986 0.78757 0.12061 0.76301 0.10889 0.74277 0.12451 0.71098 0.11963 0.66763 0.10742 0.64668 0.11230 0.62645 0.13281 0.63367 0.16553 0.60549 0.16992 0.60188 0.12793 0.58887 0.10645 0.58743 0.11572 0.56358 0.08057 0.54624 0.09082 0.52818 0.11084 0.52457 0.12842 0.55202 0.14404 0.57948 0.13281 0.56142 0.15186 0.53613 0.15674 0.50145 0.16553 0.48266 0.14502 0.49133 0.13867 0.46171 0.13525 0.43353 0.13574 0.41835 0.15283 0.43208 0.15332 0.45737 0.17578 0.47327 0.17041 0.50289 0.16162 0.55347 0.17139 0.58815 0.18408 0.60983 0.18555 0.62789 0.18555 0.65101 0.16895 0.63945 0.15820 0.64957 0.16846 0.64884 0.18408 0.66329 0.20703 0.67991 0.21338 0.70376 0.19775 0.72254 0.18799 0.75867 0.20264 0.78757 0.23779 0.80202 0.23145 0.83309 0.22510 0.84682 0.21533 0.84104 0.20166 0.84971 0.18115 0.85694 0.18408 0.86850 0.19678 0.89451 0.19922 0.89668 0.20605 0.91402
0 0.13281 0.19436 0.12549 0.19220 0.11963 0.17052 0.11621 0.15824 0.10645 0.15390 0.09717 0.15029 0.09619 0.14595 0.09814 0.13150 0.09082 0.12355 0.09229 0.12861 0.09424 0.13439 0.09131 0.14017 0.09082 0.14668 0.08740 0.12139 0.09375 0.11488 0.09668 0.10766 0.08936 0.10694 0.09277 0.10332 0.09131 0.09827 0.09619 0.08960 0.10010 0.07803 0.08789 0.07876 0.08057 0.06936 0.08301 0.06431 0.08545 0.05925 0.09180 0.05708 0.08936 0.06358 0.10254 0.06720 0.11719 0.06864 0.11963 0.05925 0.11963 0.05058 0.12598 0.04986 0.13379 0.04263 0.13770 0.04841 0.14209 0.04335 0.14502 0.03468 0.13965 0.03974 0.13525 0.03902 0.13672 0.03107 0.14355 0.02673 0.14893 0.03902 0.15381 0.03902 0.15576 0.03324 0.15918 0.02818 0.16211 0.02818 0.18018 0.02312 0.17676 0.02384 0.17188 0.01951 0.16211 0.02240 0.15430 0.02529 0.15088 0.01879 0.16602 0.01373 0.16992 0.00939 0.21094 0.00361 0.20605 0.00650 0.20166 0.01590 0.20410 0.02384 0.19873 0.02023 0.20117 0.02529 0.19775 0.03324 0.20166 0.04335 0.20312 0.04841 0.20654 0.03902 0.21289 0.03540 0.22656 0.03829 0.23096 0.04335 0.23291 0.05058 0.23730 0.04986 0.23975 0.06792 0.23730 0.08454 0.23193 0.09971 0.22168 0.10188 0.21680 0.09465 0.21045 0.10549 0.20898 0.11199 0.20947 0.10116 0.20117 0.09899 0.20264 0.10983 0.18848 0.11922 0.18164 0.13512 0.16895 0.13223 0.17090 0.14090 0.16211 0.13078 0.15137 0.13223 0.13525 0.17775 0.13818 0.18642
0 0.00000 0.65101 0.00342 0.60116 0.00684 0.56142 0.00830 0.53324 0.00830 0.49133 0.00732 0.44798 0.00781 0.42847 0.01172 0.37211 0.02295 0.38584 0.02246 0.34465 0.02832 0.36633 0.04248 0.35549 0.05518 0.33815 0.06201 0.34393 0.07861 0.32081 0.08789 0.27384 0.09326 0.27312 0.09717 0.23410 0.09326 0.20231 0.10840 0.19003 0.14502 0.17197 0.16797 0.18136 0.16943 0.16908 0.18311 0.15751 0.19189 0.15462 0.21045 0.13439 0.23047 0.15101 0.25586 0.15246 0.26025 0.16763 0.26025 0.19220 0.23438 0.21749 0.17822 0.28035 0.18848 0.30564 0.21973 0.38367 0.25098 0.35766 0.26172 0.37645 0.26465 0.43136 0.22461 0.46171 0.17725 0.51012 0.17432 0.56647 0.22266 0.59465 0.28906 0.56720 0.31787 0.54624 0.35010 0.52746 0.37061 0.58671 0.36230 0.64234 0.34424 0.65896 0.34229 0.68497 0.32373 0.76590 0.31152 0.77240 0.27344 0.80997 0.26904 0.86561 0.26172 0.92558 0.25488 0.95737 0.25391 0.97182 0.23730 0.98049 0.22559 0.99205 0.17676 0.99350 0.11914 0.99350 0.04785 0.99350 0.00635 0.96243 0.00732 0.93064 0.00342 0.91185 0.00439 0.84249 0.00439 0.83382 0.00586 0.80564 0.00439 0.72977
0 0.35742 0.28396 0.35498 0.26879 0.34326 0.24422 0.33008 0.22471 0.29297 0.21171 0.25635 0.19509 0.23291 0.17775 0.25781 0.18425 0.26465 0.20592 0.27246 0.18714 0.28467 0.19075 0.27002 0.17486 0.26318 0.17197 0.25391 0.16835 0.24414 0.14957 0.24219 0.13801 0.25098 0.13367 0.26172 0.13945 0.27246 0.13656 0.25439 0.12428 0.26514 0.10838 0.27637 0.09032 0.28516 0.07587 0.29004 0.05997 0.30859 0.06142 0.32373 0.06647 0.33203 0.04697 0.34326 0.06503 0.33105 0.06575 0.34863 0.07731 0.35059 0.06575 0.35254 0.06720 0.35596 0.07948 0.34473 0.08454 0.33984 0.10043 0.34033 0.10405 0.33154 0.15029 0.32666 0.15029 0.32373 0.16185 0.31250 0.16113 0.31592 0.15029 0.29297 0.13223 0.28418 0.14234 0.28076 0.15896 0.28027 0.16546 0.29150 0.16040 0.30908 0.15896 0.31055 0.16257 0.31104 0.18642 0.30908 0.19509 0.29053 0.19653 0.29443 0.20231 0.30273 0.20737 0.30957 0.21315 0.33154 0.21243 0.32568 0.20520 0.32959 0.19942 0.33057 0.18208 0.33887 0.19581 0.36523 0.24639 0.35107 0.23699 0.35938 0.26084 0.35742 0.28396
0 0.49121 0.12645 0.48730 0.11922 0.46387 0.09465 0.45557 0.08960 0.44922 0.08020 0.44531 0.08598 0.44043 0.08743 0.40723 0.09176 0.40332 0.08887 0.39355 0.09176 0.38867 0.08887 0.38232 0.08526 0.38916 0.08237 0.39160 0.07587 0.40039 0.07298 0.41113 0.07442 0.40381 0.06358 0.41504 0.05997 0.41650 0.07225 0.41992 0.07587 0.42285 0.07587 0.42725 0.07225 0.41992 0.06142 0.43262 0.06431 0.44189 0.05636 0.43018 0.04480 0.43555 0.03107 0.44238 0.02818 0.44385 0.04335 0.45215 0.04552 0.45654 0.03468 0.45557 0.02890 0.46045 0.01301 0.47363 0.00939 0.47217 0.02023 0.48193 0.01879 0.47852 0.01373 0.48145 0.00795 0.48682 0.01301 0.49268 0.02746 0.49609 0.03540 0.49414 0.03829 0.48730 0.03829 0.47949 0.03107 0.48096 0.03468 0.48193 0.04769 0.48682 0.04769 0.49414 0.03974 0.50781 0.04697 0.51025 0.04913 0.51562 0.05130 0.52490 0.06503 0.52051 0.06864 0.51807 0.06936 0.52148 0.07876 0.53711 0.07731 0.54688 0.07876 0.56250 0.07587 0.56055 0.08309 0.54297 0.08598 0.53613 0.08598 0.53027 0.08887 0.51807 0.08671 0.52100 0.09393 0.50098 0.11199 0.49268 0.11994
