0 0.74805 0.64957 0.73926 0.64957 0.72754 0.64523 0.71875 0.63656 0.70850 0.61994 0.70752 0.61272 0.70068 0.59249 0.69971 0.57948 0.70068 0.56647 0.70264 0.56069 0.70166 0.54769 0.70557 0.53613 0.70459 0.52457 0.70752 0.51445 0.70850 0.50145 0.71289 0.49205 0.71680 0.48772 0.72363 0.48483 0.73047 0.47327 0.73535 0.47038 0.76562 0.47038 0.76855 0.46749 0.77100 0.47110 0.77100 0.47543 0.77783 0.49277 0.78076 0.50578 0.78369 0.50867 0.78564 0.52168 0.78564 0.56647 0.78271 0.57659 0.78271 0.58960 0.77881 0.61850 0.76562 0.63512 0.74805 0.64957
0 0.82617 0.85043 0.81641 0.85043 0.81055 0.84610 0.80371 0.84610 0.79150 0.82659 0.79053 0.81503 0.78857 0.81069 0.78857 0.78902 0.78662 0.78468 0.78955 0.73844 0.78857 0.70665 0.79248 0.68931 0.81104 0.66040 0.81201 0.65607 0.82031 0.64523 0.82520 0.64234 0.85352 0.64379 0.85938 0.64812 0.87158 0.66763 0.87939 0.68786 0.88037 0.72110 0.87646 0.74855 0.87646 0.76156 0.87451 0.76879 0.87549 0.78179 0.87354 0.79191 0.85791 0.81503 0.85840 0.82009 0.85645 0.82009 0.85156 0.82731 0.84863 0.82731 0.84619 0.83382 0.83789 0.84465 0.82617 0.85043
0 0.92871 0.72616 0.91504 0.71604 0.90723 0.70592 0.88965 0.70303 0.88232 0.69220 0.87354 0.66908 0.85986 0.64595 0.85449 0.64090 0.84814 0.63006 0.84424 0.61416 0.84033 0.60549 0.84326 0.58382 0.84912 0.56214 0.85645 0.55130 0.86621 0.54263 0.87793 0.53685 0.88477 0.53685 0.89453 0.54263 0.91797 0.57009 0.93311 0.59827 0.94580 0.64451 0.94775 0.68497 0.94482 0.70231 0.93896 0.71965 0.93555 0.72327 0.93066 0.72327 0.92871 0.72616
0 0.95703 0.48627 0.94629 0.48338 0.94678 0.47832 0.94531 0.47616 0.94336 0.48194 0.93994 0.47977 0.94189 0.47543 0.93994 0.47110 0.94287 0.46676 0.93213 0.45231 0.93066 0.44725 0.92383 0.44581 0.92041 0.44075 0.91943 0.42919 0.91797 0.42702 0.91504 0.43136 0.91162 0.42775 0.91357 0.42197 0.91211 0.41546 0.90430 0.41546 0.90283 0.41329 0.90332 0.40101 0.90137 0.40101 0.90039 0.39812 0.89844 0.40101 0.89551 0.40101 0.89355 0.41113 0.89014 0.40607 0.89307 0.40173 0.88525 0.39451 0.88721 0.39162 0.88672 0.38945 0.88281 0.39234 0.87988 0.38801 0.87695 0.39234 0.87549 0.39162 0.87549 0.38150 0.87061 0.37139 0.87158 0.36705 0.86963 0.36272 0.86865 0.34827 0.87354 0.33815 0.87549 0.32659 0.87988 0.32298 0.88379 0.31575 0.89746 0.31431 0.90039 0.31720 0.93945 0.31720 0.95068 0.33237 0.96045 0.35405 0.96143 0.35983 0.97314 0.38728 0.97705 0.40173 0.98193 0.42630 0.98291 0.45087 0.98193 0.45954 0.97656 0.47182 0.96680 0.48338 0.95703 0.48627
0 0.93555 0.30853 0.92285 0.30853 0.90430 0.30275 0.89941 0.29408 0.88916 0.28468 0.88721 0.25723 0.88818 0.21532 0.89404 0.20520 0.89697 0.19509 0.90479 0.18208 0.91895 0.16546 0.92773 0.16257 0.93848 0.16402 0.94238 0.16113 0.96387 0.15968 0.97949 0.14957 0.98535 0.14812 0.99023 0.15246 0.99658 0.16329 0.99561 0.20665 0.99756 0.22399 0.99756 0.26301 0.99561 0.27601 0.98340 0.28107 0.95996 0.29841 0.93555 0.30853
0 0.96582 0.89379 0.95898 0.88945 0.95508 0.88945 0.95117 0.88078 0.94434 0.87500 0.92969 0.87211 0.92871 0.86777 0.92529 0.86705 0.92480 0.86344 0.92090 0.86633 0.91504 0.85766 0.91309 0.85766 0.91113 0.86199 0.90918 0.85766 0.90674 0.85694 0.90967 0.85405 0.90918 0.85188 0.90625 0.85188 0.90527 0.85477 0.90332 0.85477 0.90234 0.85188 0.89355 0.85332 0.88281 0.86199 0.88135 0.85983 0.88135 0.85405 0.87842 0.84971 0.87842 0.84538 0.87549 0.84104 0.87549 0.82225 0.87939 0.81503 0.87939 0.80347 0.88232 0.80058 0.88330 0.79480 0.88672 0.79408 0.89746 0.78251 0.90430 0.77962 0.91699 0.76662 0.93066 0.76084 0.93457 0.75506 0.93701 0.75434 0.93506 0.74855 0.93848 0.74639 0.94238 0.74639 0.94678 0.75000 0.94629 0.75361 0.94336 0.75072 0.93994 0.75289 0.94531 0.75795 0.95020 0.75361 0.96875 0.75361 0.97559 0.75650 0.97754 0.76084 0.98828 0.77095 0.99414 0.77240 0.99756 0.78035 0.99756 0.86416 0.99561 0.88584 0.99414 0.88945 0.98730 0.88801 0.97363 0.89234 0.96875 0.89090 0.96582 0.89379
0 0.74121 0.46893 0.72363 0.46604 0.71973 0.46171 0.70996 0.45882 0.70605 0.45448 0.70215 0.45448 0.68945 0.44292 0.68701 0.43786 0.68799 0.43353 0.68408 0.42775 0.68408 0.38728 0.69238 0.36922 0.70605 0.35477 0.71680 0.34899 0.74902 0.34321 0.76660 0.34610 0.77637 0.35188 0.79102 0.36488 0.80420 0.38439 0.81104 0.40462 0.81104 0.41908 0.80371 0.43714 0.77344 0.46315 0.76172 0.46749 0.74121 0.46893
0 0.61914 0.53540 0.60547 0.53396 0.59766 0.52962 0.59424 0.51879 0.59619 0.51301 0.58740 0.50434 0.58740 0.48699 0.58350 0.46965 0.58643 0.43642 0.59912 0.41763 0.60400 0.40462 0.60840 0.39957 0.61621 0.39812 0.62207 0.39379 0.64062 0.39234 0.65039 0.38656 0.66504 0.39812 0.67920 0.42486 0.68115 0.43208 0.68115 0.46532 0.67139 0.48988 0.67041 0.49855 0.66699 0.50361 0.66309 0.50650 0.65332 0.50795 0.64844 0.51228 0.63867 0.52673 0.61914 0.53540
0 0.66602 0.66546 0.65137 0.66257 0.64062 0.65390 0.62012 0.64668 0.61719 0.64379 0.60352 0.64234 0.60107 0.64017 0.60107 0.63728 0.59668 0.62934 0.59180 0.62355 0.58594 0.62066 0.57959 0.61127 0.57568 0.59827 0.57373 0.56936 0.57568 0.55491 0.58398 0.53829 0.59082 0.53251 0.61133 0.53829 0.64355 0.53107 0.65137 0.53251 0.66113 0.54408 0.66504 0.54552 0.66992 0.55419 0.68359 0.55130 0.69141 0.55419 0.69385 0.55780 0.69873 0.56936 0.69873 0.59104 0.70752 0.62428 0.70752 0.63439 0.70020 0.64668 0.69336 0.65246 0.68066 0.66113 0.66602 0.66546
0 0.67871 0.41835 0.67432 0.41474 0.67334 0.40896 0.66797 0.39957 0.65723 0.39234 0.65430 0.38801 0.64844 0.38801 0.64258 0.39234 0.62207 0.39379 0.60840 0.40101 0.60596 0.39884 0.60596 0.37861 0.60986 0.37139 0.61475 0.35549 0.62500 0.34321 0.64941 0.34176 0.66211 0.34610 0.67627 0.36416 0.68311 0.38150 0.68311 0.38873 0.68115 0.39451 0.68115 0.40896 0.67871 0.41835
0 0.63574 0.25217 0.62012 0.24928 0.61230 0.24494 0.60352 0.24494 0.59863 0.24783 0.59375 0.24639 0.58936 0.23844 0.58350 0.22110 0.58154 0.20954 0.58350 0.18353 0.58740 0.17052 0.59521 0.15462 0.60303 0.14451 0.60596 0.13584 0.61670 0.11994 0.62354 0.10549 0.63184 0.09465 0.64062 0.08887 0.64990 0.07803 0.64355 0.07298 0.64160 0.07587 0.63867 0.07587 0.63672 0.07298 0.63281 0.07442 0.62939 0.07081 0.62988 0.06864 0.63867 0.06575 0.65430 0.06575 0.65820 0.06864 0.66211 0.06575 0.66357 0.06214 0.65918 0.05997 0.65527 0.05419 0.65283 0.05491 0.65479 0.05780 0.65430 0.05997 0.64600 0.05925 0.64795 0.05636 0.64502 0.05202 0.64648 0.04986 0.65039 0.05130 0.65039 0.04697 0.65430 0.04697 0.65723 0.04408 0.66016 0.04841 0.66309 0.04552 0.66699 0.04552 0.68555 0.05275 0.69727 0.06431 0.71729 0.09393 0.72021 0.10405 0.72412 0.13150 0.72314 0.13873 0.71973 0.14523 0.70459 0.16329 0.68115 0.20954 0.67480 0.21604 0.66699 0.23049 0.65234 0.24494 0.64160 0.24783 0.63574 0.25217
0 0.65918 0.89379 0.65039 0.88801 0.64355 0.88801 0.63916 0.88295 0.63916 0.86416 0.63721 0.85838 0.63818 0.85260 0.63525 0.84393 0.63525 0.83671 0.63135 0.82948 0.62842 0.81792 0.63037 0.79913 0.62939 0.78757 0.63135 0.78324 0.63232 0.77312 0.62744 0.75289 0.62744 0.74277 0.62451 0.73555 0.62549 0.72254 0.63232 0.71098 0.63232 0.70231 0.62842 0.69220 0.62842 0.67919 0.63379 0.66980 0.64258 0.66546 0.65430 0.66691 0.65723 0.66980 0.66504 0.66980 0.67480 0.67702 0.68018 0.68497 0.68799 0.70520 0.69092 0.74855 0.69092 0.78179 0.69287 0.79480 0.69092 0.82514 0.68799 0.83382 0.68701 0.84538 0.68311 0.85694 0.65918 0.89379
0 0.62695 0.87789 0.62305 0.87789 0.61963 0.87428 0.61279 0.85983 0.60889 0.84682 0.60498 0.84249 0.59717 0.82659 0.59082 0.82009 0.56836 0.82009 0.55664 0.83309 0.54590 0.83165 0.54199 0.82587 0.53369 0.82225 0.53564 0.81792 0.53076 0.80780 0.52686 0.79046 0.52051 0.78685 0.51807 0.78035 0.51953 0.77818 0.52051 0.78107 0.52246 0.78107 0.52441 0.78685 0.52783 0.78324 0.52637 0.77384 0.52441 0.77384 0.52246 0.77818 0.52051 0.77818 0.52002 0.77457 0.52197 0.77023 0.52197 0.76445 0.52588 0.76156 0.52490 0.75578 0.52686 0.75434 0.52588 0.74855 0.52783 0.74566 0.52588 0.74133 0.53271 0.73121 0.52881 0.71821 0.53271 0.71387 0.53223 0.70882 0.54492 0.71460 0.55371 0.71460 0.56738 0.72182 0.57031 0.72038 0.57617 0.72616 0.58105 0.72760 0.58252 0.73410 0.58838 0.73988 0.59131 0.75000 0.60791 0.77890 0.62061 0.80636 0.63232 0.83671 0.63330 0.84971 0.62695 0.87789
0 0.52344 0.38656 0.50781 0.38656 0.48242 0.38078 0.47900 0.37572 0.48096 0.37139 0.47900 0.36561 0.47803 0.35260 0.47559 0.34899 0.45801 0.34754 0.45605 0.34321 0.45312 0.34321 0.44678 0.33237 0.44678 0.31503 0.44238 0.30275 0.43848 0.30564 0.43359 0.30419 0.43164 0.30130 0.42578 0.30564 0.41602 0.30708 0.41455 0.30202 0.42041 0.28902 0.43066 0.27529 0.44727 0.26517 0.46191 0.26228 0.51855 0.26228 0.54004 0.27529 0.55811 0.29624 0.56494 0.32225 0.55615 0.35549 0.54004 0.37789 0.53027 0.38512 0.52344 0.38656
0 0.42090 0.17558 0.40820 0.17413 0.40137 0.16980 0.39404 0.15751 0.38525 0.13295 0.38428 0.11561 0.38818 0.10116 0.38916 0.08237 0.39111 0.07803 0.39111 0.07225 0.39404 0.06647 0.39307 0.06358 0.39502 0.05780 0.41113 0.04263 0.42871 0.03540 0.44336 0.02240 0.45508 0.00506 0.47656 0.00217 0.48438 0.00361 0.48682 0.00723 0.49170 0.02457 0.49268 0.05058 0.48486 0.09827 0.47900 0.11850 0.47266 0.13078 0.45898 0.14957 0.45605 0.14957 0.45117 0.15535 0.44727 0.16257 0.43555 0.16546 0.42090 0.17558
0 0.46680 0.57587 0.45312 0.57587 0.45020 0.57153 0.43652 0.57009 0.42383 0.55997 0.41064 0.53468 0.40186 0.50578 0.39990 0.49422 0.39990 0.46676 0.39795 0.45231 0.40088 0.43064 0.41064 0.41618 0.42236 0.39017 0.42236 0.38728 0.42676 0.38223 0.44629 0.38223 0.45996 0.38656 0.47412 0.41329 0.47705 0.42919 0.48877 0.46098 0.49268 0.49133 0.49072 0.52457 0.48291 0.54913 0.47412 0.56792 0.46680 0.57587
0 0.47266 0.25939 0.43848 0.25795 0.43604 0.25578 0.43555 0.25072 0.43164 0.25361 0.42480 0.24783 0.42090 0.24928 0.41699 0.24205 0.41357 0.23988 0.41113 0.23194 0.40723 0.23194 0.40381 0.22688 0.40381 0.20520 0.40869 0.19798 0.40967 0.19220 0.41553 0.18208 0.41553 0.17919 0.42773 0.17558 0.43457 0.16980 0.44238 0.16691 0.45801 0.15535 0.46191 0.14957 0.47949 0.14812 0.50000 0.15101 0.50977 0.15679 0.51953 0.16691 0.52393 0.17486 0.53174 0.20231 0.53076 0.22832 0.52393 0.24566 0.51465 0.25650 0.48438 0.25650 0.47266 0.25939
0 0.22363 0.33743 0.21680 0.33743 0.21289 0.33454 0.20410 0.33309 0.18457 0.32153 0.16797 0.30564 0.15674 0.28757 0.14600 0.25867 0.14111 0.23121 0.14111 0.22543 0.14600 0.20376 0.15039 0.19581 0.15527 0.19147 0.16895 0.18858 0.17676 0.18136 0.18652 0.18136 0.20996 0.19725 0.22266 0.21171 0.23438 0.21893 0.24854 0.23699 0.25635 0.25578 0.25732 0.26445 0.25049 0.28324 0.24365 0.29191 0.23975 0.30058 0.23291 0.32659 0.22363 0.33743
0 0.27539 0.39090 0.25977 0.38945 0.24121 0.37500 0.22998 0.37428 0.22803 0.36272 0.22803 0.34971 0.24072 0.30202 0.24854 0.29046 0.25879 0.26806 0.26758 0.26084 0.27930 0.24494 0.29980 0.22760 0.32227 0.21604 0.32910 0.21604 0.33984 0.22038 0.34766 0.21893 0.35352 0.22182 0.36084 0.23266 0.36572 0.24566 0.36768 0.27457 0.36670 0.27890 0.36963 0.28902 0.36963 0.29769 0.36670 0.30202 0.36670 0.30491 0.35840 0.30419 0.35449 0.30708 0.35205 0.31069 0.35303 0.31792 0.34619 0.33382 0.32715 0.35766 0.31543 0.36922 0.30762 0.37645 0.29102 0.38223 0.27539 0.39090
0 0.36328 0.50795 0.35156 0.50795 0.33789 0.50072 0.31982 0.47399 0.31787 0.46243 0.30615 0.42341 0.30615 0.41185 0.30908 0.40607 0.31006 0.39740 0.30811 0.38728 0.30518 0.38295 0.30957 0.37500 0.31348 0.37355 0.32910 0.35766 0.35547 0.31864 0.36816 0.31720 0.38623 0.35549 0.38916 0.37428 0.39502 0.39306 0.39697 0.44653 0.39502 0.46532 0.38525 0.49133 0.37988 0.49928 0.36328 0.50795
0 0.31348 0.59321 0.29395 0.58743 0.28223 0.57876 0.27881 0.57370 0.26904 0.54769 0.26904 0.51301 0.27295 0.49277 0.28271 0.46821 0.28369 0.45665 0.28564 0.45231 0.28467 0.43642 0.28613 0.43425 0.29199 0.44003 0.29590 0.44725 0.30078 0.44292 0.30176 0.43858 0.30664 0.43569 0.31104 0.44364 0.31299 0.45231 0.31201 0.45665 0.31396 0.45954 0.31299 0.46387 0.33008 0.49350 0.34180 0.50506 0.35254 0.50795 0.35547 0.51084 0.35889 0.51012 0.35596 0.52168 0.35010 0.53468 0.35010 0.53902 0.34229 0.55636 0.32031 0.59032 0.31348 0.59321
0 0.37695 0.75072 0.35352 0.75072 0.34570 0.74639 0.33838 0.73699 0.32959 0.71387 0.32666 0.69942 0.32666 0.68497 0.31982 0.65173 0.31787 0.62717 0.31885 0.60405 0.32275 0.59249 0.33838 0.56358 0.34863 0.54841 0.35449 0.54408 0.37109 0.54552 0.38574 0.55853 0.40186 0.58960 0.40674 0.61561 0.40869 0.68786 0.40771 0.70809 0.39844 0.73049 0.38672 0.74494 0.37695 0.75072
0 0.43945 0.83887 0.43799 0.83815 0.43506 0.82803 0.43018 0.80491 0.42578 0.79552 0.41602 0.78829 0.39648 0.78251 0.39014 0.77601 0.38916 0.75867 0.39111 0.74566 0.40186 0.72832 0.40576 0.71532 0.41113 0.70882 0.41895 0.70592 0.44824 0.70882 0.46777 0.73194 0.47217 0.73988 0.47510 0.79191 0.45703 0.82298 0.43945 0.83887
0 0.38672 0.90824 0.36133 0.90390 0.34961 0.90535 0.33789 0.90246 0.32715 0.89668 0.32422 0.89090 0.31641 0.88512 0.30664 0.86633 0.29883 0.86633 0.29199 0.86199 0.28271 0.84827 0.28369 0.82803 0.29053 0.80780 0.30762 0.78540 0.34082 0.77673 0.37598 0.77818 0.41602 0.78974 0.42480 0.79552 0.43115 0.80925 0.43701 0.83671 0.43701 0.84682 0.42432 0.87861 0.41309 0.89379 0.40332 0.90246 0.38672 0.90824
0 0.44434 0.98916 0.41602 0.98627 0.40820 0.98338 0.40430 0.98483 0.40039 0.98194 0.38672 0.97905 0.38379 0.97471 0.37793 0.97616 0.37402 0.97038 0.36230 0.96893 0.35889 0.95665 0.36133 0.95448 0.36719 0.95448 0.36768 0.95231 0.36182 0.94653 0.35986 0.93786 0.35107 0.92630 0.35107 0.91040 0.35742 0.90390 0.38379 0.90824 0.39941 0.90535 0.40820 0.89957 0.42188 0.88367 0.43262 0.85766 0.43652 0.85621 0.44629 0.86344 0.46680 0.88223 0.48096 0.90173 0.48584 0.91763 0.48975 0.94364 0.49463 0.95376 0.49463 0.96243 0.48438 0.96171 0.47852 0.97038 0.47168 0.97471 0.46582 0.98483 0.44434 0.98916
0 0.19922 0.99783 0.13574 0.99494 0.07422 0.99061 0.03027 0.99061 0.02148 0.99350 0.00439 0.92630 0.00244 0.81069 0.00342 0.69220 0.00439 0.59104 0.00537 0.53757 0.00879 0.45882 0.02686 0.44798 0.01221 0.47110 0.02979 0.49855 0.03223 0.54552 0.04199 0.58020 0.05127 0.56069 0.06738 0.54841 0.09521 0.55491 0.09131 0.51445 0.10547 0.48483 0.11426 0.46604 0.09961 0.45014 0.11230 0.45882 0.13818 0.45231 0.15674 0.45954 0.15186 0.48699 0.18555 0.50795 0.20605 0.50650 0.23779 0.50289 0.24414 0.50650 0.24854 0.53757 0.25879 0.51084 0.26709 0.51301 0.28613 0.59899 0.25732 0.54046 0.25098 0.57009 0.23047 0.53829 0.22314 0.55636 0.22363 0.58598 0.21045 0.60983 0.21338 0.64306 0.24072 0.66763 0.24707 0.69581 0.27734 0.68136 0.27539 0.69870 0.23291 0.71387 0.21533 0.76445 0.20312 0.80997 0.20898 0.82009 0.22021 0.86850 0.22900 0.83815 0.21875 0.88945 0.19385 0.90173 0.20117 0.85188 0.18457 0.87355 0.18408 0.89740 0.19629 0.91402 0.20557 0.91040 0.21973 0.92413 0.22510 0.91763 0.24121 0.93858 0.23193 0.95665 0.20996 0.98194 0.21631 0.98844
0 0.51660 0.75361 0.51416 0.75289 0.51416 0.74855 0.51172 0.74494 0.50195 0.75072 0.49805 0.74783 0.48047 0.74783 0.47559 0.73916 0.47363 0.73916 0.46973 0.73194 0.46631 0.72977 0.46729 0.72399 0.46436 0.72110 0.46338 0.70954 0.46143 0.70520 0.45312 0.70303 0.45264 0.69364 0.44873 0.69075 0.45312 0.68425 0.45508 0.68425 0.45703 0.67847 0.47266 0.66691 0.48730 0.66691 0.49023 0.66402 0.50977 0.66257 0.50928 0.66763 0.51172 0.67124 0.51318 0.66329 0.51562 0.66257 0.51855 0.66835 0.52148 0.66691 0.52539 0.67124 0.52930 0.66402 0.53125 0.66546 0.53760 0.67197 0.53174 0.67486 0.53662 0.68353 0.53223 0.68280 0.53271 0.69075 0.52930 0.69436 0.52686 0.69364 0.52686 0.68353 0.52539 0.68136 0.52393 0.68353 0.52490 0.69653 0.52051 0.69725 0.52002 0.69942 0.52637 0.70882 0.52783 0.70231 0.52588 0.69798 0.52832 0.69581 0.53174 0.70665 0.52832 0.71460 0.52637 0.71315 0.52295 0.71821 0.52197 0.72832 0.51807 0.73266 0.51807 0.73555 0.52002 0.73699 0.51611 0.74711 0.51660 0.75361
0 0.00000 0.22038 0.01660 0.18280 0.03662 0.16329 0.03955 0.14740 0.04980 0.17124 0.04736 0.15896 0.07031 0.14090 0.07812 0.13078 0.09033 0.09827 0.10986 0.08092 0.14844 0.08454 0.14404 0.10694 0.16211 0.09754 0.16113 0.11488 0.18311 0.12139 0.19482 0.14017 0.20459 0.17341 0.22119 0.19075 0.24316 0.20737 0.23633 0.22182 0.19043 0.17991 0.14014 0.22688 0.16064 0.29335 0.19629 0.32876 0.22754 0.38223 0.21680 0.38367 0.20459 0.40607 0.17676 0.40824 0.17969 0.43136 0.19971 0.42919 0.20312 0.47327 0.18555 0.46604 0.16797 0.47038 0.15381 0.49277 0.15967 0.52746 0.14746 0.53685 0.14502 0.56936 0.15039 0.57731 0.15820 0.58887 0.14258 0.61922 0.15625 0.62355 0.15332 0.64523 0.13672 0.67124 0.12451 0.67775 0.12061 0.69798 0.11279 0.72110 0.08789 0.74350 0.07959 0.73555 0.07471 0.75723 0.06152 0.77384 0.05469 0.75795 0.02832 0.75795 0.03711 0.78829 0.03760 0.81214 0.01953 0.80419 0.02246 0.81864 0.01758 0.82876 0.00830 0.84538 0.01172 0.86633 0.00244 0.76879 0.00439 0.56792
0 0.15820 0.34032 0.14551 0.32731 0.14160 0.33887 0.14746 0.32009 0.15186 0.31792 0.14404 0.29769 0.12744 0.28613 0.13232 0.26879 0.11865 0.24133 0.11768 0.21387 0.09863 0.20882 0.09326 0.20231 0.08984 0.18858 0.07715 0.19147 0.06982 0.19798 0.06445 0.21460 0.06104 0.20665 0.06055 0.20303 0.06494 0.18642 0.06299 0.17486 0.06592 0.15173 0.06543 0.13656 0.07031 0.15101 0.07764 0.13584 0.07275 0.12283 0.07275 0.09393 0.05273 0.08598 0.04102 0.09610 0.04297 0.11488 0.02783 0.11994 0.02686 0.13873 0.01855 0.15679 0.00635 0.14017 0.00342 0.13439 0.00342 0.08526 0.00586 0.04986 0.01660 0.05853 0.02588 0.04913 0.03369 0.04913 0.05225 0.04769 0.05225 0.01590 0.06250 0.01373 0.08789 0.00506 0.09619 0.01012 0.10889 0.01590 0.11914 0.00650 0.13672 0.00361 0.15723 0.00361 0.16748 0.00578 0.17090 0.02673 0.20068 0.03324 0.19629 0.04841 0.19238 0.05853 0.19580 0.07803 0.21143 0.09104 0.21533 0.10260 0.22266 0.09032 0.21924 0.11127 0.21143 0.11705 0.21045 0.13150 0.20654 0.12861 0.18701 0.11705 0.19189 0.13150 0.19141 0.14668 0.18701 0.16474 0.16797 0.18714 0.14307 0.20520 0.14209 0.24855 0.15283 0.29335 0.16016 0.31720 0.16064 0.33671
0 0.27344 0.20014 0.26562 0.18858 0.27295 0.18208 0.28662 0.17052 0.29102 0.15246 0.29736 0.15462 0.29785 0.12645 0.28857 0.13439 0.29443 0.14451 0.28174 0.14740 0.27539 0.14957 0.25781 0.14668 0.24854 0.14451 0.24756 0.13006 0.25098 0.12500 0.27246 0.11922 0.28760 0.11705 0.28857 0.10549 0.27539 0.11199 0.26709 0.10116 0.25342 0.10549 0.23682 0.10405 0.24463 0.08671 0.24268 0.06647 0.25244 0.05491 0.26562 0.04118 0.26465 0.05419 0.26562 0.05564 0.25488 0.06142 0.25488 0.07442 0.26953 0.07298 0.28369 0.08092 0.28760 0.07370 0.29297 0.05564 0.28955 0.06214 0.29736 0.07803 0.30469 0.07587 0.29834 0.05636 0.30664 0.03829 0.30811 0.04913 0.31445 0.07153 0.31787 0.05058 0.31104 0.03179 0.32129 0.01951 0.33398 0.04118 0.33984 0.05708 0.35938 0.07153 0.36816 0.08454 0.38232 0.09682 0.36914 0.11055 0.37891 0.10332 0.36621 0.11344 0.38135 0.12428 0.36719 0.12645 0.34814 0.12139 0.34082 0.13078 0.34473 0.13656 0.34766 0.13801 0.35107 0.15896 0.34180 0.16402 0.32715 0.16257 0.31055 0.15101 0.30713 0.15896 0.29297 0.16257 0.29346 0.17919 0.27686 0.19798
0 0.49805 0.82442 0.49219 0.82298 0.48926 0.81575 0.48584 0.81503 0.48730 0.81142 0.49121 0.81286 0.49268 0.81069 0.48926 0.79986 0.48486 0.80058 0.48584 0.80780 0.48145 0.80997 0.48193 0.81358 0.48047 0.81575 0.47900 0.81358 0.47998 0.80636 0.48291 0.80202 0.48047 0.79841 0.47852 0.80419 0.47510 0.80347 0.47998 0.78902 0.47900 0.77168 0.47607 0.76879 0.47900 0.76012 0.47607 0.75578 0.47607 0.75145 0.48145 0.74494 0.48730 0.74783 0.50586 0.74783 0.51172 0.74350 0.51709 0.75289 0.51318 0.75578 0.51514 0.76012 0.50928 0.76445 0.51172 0.76806 0.52148 0.76662 0.52100 0.77312 0.52344 0.77384 0.52393 0.76879 0.52930 0.76517 0.53076 0.76879 0.52783 0.77168 0.53174 0.77601 0.53076 0.78035 0.53320 0.78107 0.53418 0.77818 0.53760 0.78035 0.53613 0.78396 0.52881 0.78757 0.53076 0.79046 0.52979 0.79624 0.53467 0.80202 0.53076 0.81069 0.53320 0.81286 0.53613 0.80997 0.53662 0.81503 0.52539 0.81575 0.52783 0.81214 0.52539 0.80419 0.50977 0.79986 0.50732 0.79046 0.50928 0.78902 0.50928 0.78324 0.51123 0.77890 0.50732 0.77601 0.51025 0.77168 0.50781 0.76951 0.50488 0.77240 0.50098 0.76951 0.49951 0.77168 0.50146 0.77601 0.49951 0.77890 0.50049 0.78179 0.49951 0.79046 0.50732 0.79913 0.50537 0.80202 0.50488 0.80853 0.50098 0.80853 0.49951 0.81069 0.50342 0.81503 0.49951 0.81792 0.49805 0.82442
