0 0.74805 0.18280 0.73730 0.18280 0.72949 0.16980 0.72266 0.16402 0.69141 0.16113 0.66699 0.14234 0.64893 0.11561 0.64307 0.09393 0.64209 0.07081 0.64990 0.05202 0.65820 0.03974 0.66406 0.03540 0.69629 0.04118 0.72363 0.05419 0.73340 0.05419 0.74121 0.06142 0.74707 0.07298 0.76074 0.08598 0.77002 0.09971 0.77588 0.11272 0.77783 0.12861 0.77686 0.13295 0.77100 0.14017 0.77002 0.14740 0.76514 0.15607 0.76416 0.17052 0.76221 0.17486 0.75391 0.18136 0.74805 0.18280
0 0.66504 0.35043 0.65820 0.34899 0.64844 0.33887 0.63672 0.33743 0.62744 0.32370 0.62354 0.30925 0.62354 0.29335 0.62842 0.26301 0.63916 0.24277 0.68555 0.16980 0.69531 0.16402 0.72363 0.16546 0.73193 0.17486 0.73682 0.18786 0.73975 0.22688 0.73584 0.24566 0.72314 0.28035 0.71240 0.29624 0.69873 0.32370 0.68164 0.34610 0.66504 0.35043
0 0.74512 0.54697 0.73340 0.54697 0.73193 0.54480 0.73193 0.53324 0.73389 0.52890 0.73682 0.49566 0.73682 0.47543 0.73193 0.45087 0.72705 0.43642 0.71826 0.42486 0.71436 0.40751 0.72119 0.39017 0.72217 0.38150 0.72607 0.36994 0.72900 0.36705 0.72998 0.35838 0.74023 0.34032 0.75488 0.33165 0.77441 0.33309 0.78711 0.34032 0.79150 0.34971 0.79688 0.35477 0.80127 0.36272 0.80225 0.39017 0.79932 0.41329 0.79541 0.42341 0.79150 0.44942 0.78467 0.47254 0.78174 0.47543 0.78271 0.47977 0.78076 0.48410 0.78076 0.49133 0.77686 0.50145 0.77295 0.52023 0.76660 0.53107 0.76465 0.53107 0.75195 0.54408 0.74512 0.54697
0 0.84570 0.58743 0.82031 0.58454 0.80566 0.57298 0.79541 0.55925 0.79248 0.54624 0.79346 0.53757 0.79834 0.52023 0.80225 0.51301 0.80420 0.50000 0.80908 0.48844 0.81348 0.48194 0.82129 0.47616 0.86621 0.44725 0.89355 0.44870 0.90723 0.46315 0.91406 0.46749 0.91943 0.47688 0.91943 0.49566 0.91748 0.51734 0.91162 0.53613 0.90527 0.54552 0.87988 0.56864 0.86133 0.57731 0.85449 0.58454 0.84570 0.58743
0 0.84473 0.70303 0.81738 0.70159 0.80762 0.69581 0.78320 0.69581 0.77539 0.69147 0.76123 0.66474 0.76123 0.64884 0.76416 0.64595 0.76514 0.60983 0.77100 0.59538 0.77734 0.59176 0.78613 0.58165 0.78906 0.58165 0.79004 0.57876 0.79590 0.57587 0.79590 0.57153 0.79980 0.57153 0.81641 0.58598 0.82422 0.58887 0.86328 0.58887 0.87793 0.59465 0.88232 0.60405 0.88232 0.60983 0.89014 0.64306 0.88818 0.65751 0.88037 0.67630 0.86816 0.69292 0.85938 0.70014 0.84473 0.70303
0 0.69629 0.68858 0.66699 0.68858 0.65820 0.68136 0.64844 0.67702 0.64062 0.66980 0.63330 0.66040 0.63135 0.65173 0.64551 0.63801 0.65430 0.62355 0.66504 0.61344 0.66797 0.61199 0.67480 0.61633 0.68066 0.61633 0.68359 0.62211 0.68945 0.62066 0.69043 0.61633 0.68750 0.61633 0.68652 0.61922 0.68359 0.61922 0.68311 0.61705 0.69141 0.61055 0.69629 0.61199 0.71094 0.59754 0.72217 0.58092 0.72754 0.56286 0.73145 0.56286 0.74609 0.57153 0.75244 0.57948 0.75928 0.60838 0.75830 0.63439 0.75244 0.65896 0.74023 0.66980 0.71973 0.68136 0.71094 0.68569 0.69629 0.68858
0 0.68164 0.61344 0.67285 0.61199 0.66699 0.60766 0.66260 0.59682 0.64795 0.57803 0.64697 0.56069 0.64990 0.54624 0.64697 0.53035 0.65283 0.51590 0.65869 0.48844 0.65869 0.48266 0.66455 0.47543 0.66748 0.46243 0.67236 0.45954 0.67334 0.45376 0.68018 0.44509 0.68115 0.43931 0.68848 0.42847 0.70215 0.42124 0.70996 0.42702 0.72266 0.43136 0.72900 0.44364 0.73682 0.47977 0.73389 0.52457 0.72998 0.54624 0.72607 0.55780 0.72412 0.57659 0.71631 0.59104 0.70605 0.60188 0.68164 0.61344
0 0.60547 0.66257 0.59473 0.65968 0.57520 0.64812 0.56836 0.64090 0.56104 0.62861 0.55225 0.60983 0.55225 0.60405 0.55811 0.58237 0.55811 0.56358 0.55615 0.55925 0.55762 0.55564 0.56348 0.55275 0.56738 0.55419 0.56934 0.55130 0.57520 0.54986 0.58691 0.53829 0.59717 0.52168 0.59814 0.51012 0.60547 0.49205 0.61719 0.49061 0.62305 0.48338 0.62988 0.48338 0.63281 0.48049 0.64551 0.48627 0.65430 0.48627 0.65576 0.49133 0.65381 0.49422 0.65186 0.51734 0.64697 0.52601 0.64697 0.53613 0.64990 0.54480 0.64990 0.55058 0.64697 0.55636 0.64600 0.56792 0.64990 0.58237 0.66553 0.60260 0.66553 0.60838 0.65625 0.61777 0.65137 0.62645 0.63672 0.64379 0.60547 0.66257
0 0.59766 0.35332 0.57812 0.35332 0.57227 0.35043 0.55420 0.32948 0.54932 0.30780 0.55322 0.27168 0.56348 0.25506 0.57227 0.24639 0.59570 0.23049 0.61230 0.22182 0.64648 0.22182 0.64795 0.22688 0.64502 0.23410 0.63135 0.25434 0.62451 0.27746 0.62256 0.30491 0.62646 0.32948 0.62939 0.33237 0.63135 0.33960 0.63037 0.34393 0.62598 0.34754 0.59766 0.35332
0 0.54785 0.29118 0.53711 0.28829 0.52734 0.28251 0.51465 0.26951 0.51123 0.26301 0.50146 0.23555 0.50146 0.22254 0.50928 0.19364 0.52246 0.17702 0.54004 0.16980 0.56250 0.16980 0.57812 0.17413 0.60156 0.18858 0.60986 0.20087 0.61182 0.20665 0.61182 0.21965 0.56934 0.24783 0.55615 0.26445 0.55225 0.27457 0.55127 0.28613 0.54785 0.29118
0 0.46191 0.37500 0.45215 0.37500 0.44434 0.37211 0.42676 0.35910 0.42041 0.34827 0.41650 0.33382 0.41064 0.32081 0.41260 0.29624 0.41553 0.28468 0.42090 0.27529 0.42969 0.26517 0.45312 0.25217 0.49219 0.25217 0.49805 0.24783 0.52246 0.27962 0.54736 0.29624 0.54932 0.31647 0.54736 0.33092 0.54297 0.33887 0.52539 0.36055 0.50977 0.37066 0.50195 0.36922 0.49805 0.37211 0.49414 0.37066 0.49121 0.37355 0.46973 0.37211 0.46191 0.37500
0 0.44141 0.54841 0.43262 0.54841 0.41895 0.54408 0.41113 0.53974 0.40234 0.53107 0.39209 0.51445 0.38135 0.47254 0.37939 0.44653 0.38037 0.42630 0.38330 0.41329 0.39209 0.39017 0.40820 0.36488 0.41504 0.36344 0.42285 0.37211 0.43555 0.37066 0.43994 0.37572 0.43994 0.38584 0.45068 0.41763 0.46045 0.44075 0.46143 0.45376 0.46729 0.46965 0.46924 0.48266 0.47217 0.48988 0.47217 0.49422 0.46240 0.52312 0.44629 0.54552 0.44141 0.54841
0 0.46484 0.65390 0.44629 0.65390 0.43945 0.64090 0.43164 0.63512 0.42432 0.62283 0.41748 0.60116 0.41748 0.58671 0.42236 0.56358 0.42773 0.55419 0.43164 0.55130 0.44238 0.54986 0.44824 0.54552 0.46289 0.52818 0.48828 0.52240 0.50391 0.52240 0.51465 0.52384 0.53223 0.53974 0.54785 0.54841 0.55225 0.55491 0.55615 0.56792 0.55518 0.59104 0.55029 0.60260 0.54199 0.61199 0.53516 0.62355 0.51953 0.63367 0.46484 0.65390
0 0.40039 0.72327 0.39062 0.72327 0.36914 0.70303 0.36084 0.68931 0.35791 0.67341 0.35791 0.64740 0.36475 0.61272 0.36768 0.60549 0.37744 0.56358 0.37646 0.56069 0.37988 0.55564 0.38477 0.55275 0.39746 0.53251 0.40039 0.53251 0.42334 0.55202 0.42432 0.55636 0.41650 0.58382 0.41650 0.60260 0.42432 0.62428 0.43359 0.63945 0.43994 0.64595 0.44189 0.65318 0.44189 0.65896 0.43799 0.67486 0.42920 0.69653 0.42188 0.70737 0.41309 0.71604 0.40039 0.72327
0 0.46191 0.77818 0.43750 0.77673 0.42383 0.76951 0.42432 0.76445 0.42188 0.76084 0.41895 0.76084 0.41211 0.75506 0.40723 0.75650 0.40479 0.75145 0.40771 0.74422 0.40381 0.74422 0.40283 0.72688 0.40527 0.72327 0.41504 0.71749 0.42334 0.70809 0.43311 0.68931 0.44189 0.66185 0.44531 0.65824 0.46777 0.65390 0.47949 0.65390 0.48486 0.67052 0.48975 0.70809 0.48682 0.74711 0.47559 0.76951 0.46973 0.77529 0.46191 0.77818
0 0.49316 0.12934 0.48340 0.12934 0.47070 0.12355 0.46729 0.11850 0.46533 0.11127 0.45996 0.10332 0.45508 0.10043 0.42676 0.09899 0.41504 0.10910 0.40625 0.10910 0.40039 0.10766 0.38281 0.09321 0.37793 0.10043 0.37305 0.10188 0.37061 0.10549 0.36670 0.11705 0.36670 0.12139 0.36426 0.12355 0.35449 0.12211 0.34814 0.11127 0.35400 0.07370 0.36377 0.04769 0.36670 0.03179 0.36963 0.02457 0.38281 0.00506 0.40137 0.00217 0.47266 0.00361 0.51367 0.02673 0.52393 0.04335 0.53174 0.06647 0.53076 0.08526 0.52002 0.10838 0.51270 0.11777 0.49316 0.12934
0 0.38770 0.25072 0.37891 0.24494 0.37549 0.23844 0.37451 0.20376 0.37744 0.17630 0.38135 0.16763 0.38135 0.16185 0.39111 0.13728 0.40723 0.11777 0.42480 0.10043 0.45312 0.10043 0.45898 0.10332 0.46338 0.10838 0.47119 0.12861 0.47412 0.15173 0.47119 0.17486 0.46826 0.18064 0.46631 0.19220 0.45752 0.21821 0.45312 0.22471 0.44531 0.22760 0.42773 0.22616 0.40918 0.22905 0.40137 0.23338 0.38770 0.25072
0 0.40723 0.31864 0.39160 0.30419 0.38330 0.29191 0.38135 0.28613 0.38232 0.27457 0.38623 0.26590 0.38916 0.25145 0.39746 0.23772 0.40332 0.23194 0.41602 0.22760 0.45996 0.22760 0.49023 0.23772 0.49805 0.24494 0.50146 0.25145 0.49902 0.25650 0.48047 0.25217 0.44922 0.25361 0.42969 0.26373 0.41357 0.28757 0.41064 0.31358 0.40723 0.31864
0 0.33984 0.56575 0.33594 0.56575 0.32227 0.55419 0.30762 0.54552 0.30518 0.54191 0.30420 0.53179 0.29932 0.51879 0.29932 0.48699 0.30811 0.46676 0.31738 0.45303 0.32520 0.44581 0.34375 0.44003 0.36035 0.44003 0.37305 0.44436 0.37646 0.44798 0.37842 0.45376 0.38135 0.47688 0.38721 0.50289 0.39404 0.52023 0.39502 0.52890 0.39209 0.53757 0.37891 0.55419 0.33984 0.56575
0 0.28613 0.22760 0.27539 0.22471 0.26953 0.21893 0.26270 0.21749 0.25488 0.21026 0.24512 0.19581 0.24023 0.19292 0.22754 0.17847 0.20361 0.14017 0.19482 0.11705 0.19482 0.09393 0.19678 0.07803 0.20605 0.05853 0.21777 0.05130 0.23730 0.04408 0.24902 0.04408 0.26172 0.05130 0.27246 0.05130 0.28223 0.05853 0.28711 0.05708 0.29199 0.06431 0.29590 0.06286 0.29736 0.06792 0.30518 0.07803 0.30713 0.08526 0.31104 0.08671 0.31201 0.10116 0.31738 0.10621 0.32129 0.11488 0.33154 0.12572 0.33594 0.13801 0.34473 0.13945 0.34814 0.14451 0.34912 0.15896 0.34570 0.16546 0.33789 0.17124 0.33105 0.18425 0.32422 0.18425 0.31641 0.19003 0.29297 0.22471 0.28613 0.22760
0 0.37695 0.44436 0.35059 0.43858 0.32715 0.44147 0.32471 0.42775 0.32080 0.42052 0.32178 0.41763 0.31885 0.41329 0.31982 0.40029 0.32471 0.39162 0.32373 0.38584 0.33545 0.37139 0.33545 0.36705 0.35742 0.34032 0.36230 0.33887 0.37012 0.33165 0.38281 0.33598 0.39062 0.34176 0.39355 0.34032 0.40039 0.34610 0.40479 0.35405 0.40381 0.36994 0.38818 0.39595 0.38330 0.41040 0.37695 0.44436
0 0.25586 0.52962 0.24121 0.52818 0.23682 0.52312 0.23193 0.51012 0.22803 0.50578 0.22314 0.49422 0.22314 0.47254 0.22021 0.43353 0.22217 0.39451 0.22607 0.38006 0.23584 0.36127 0.24414 0.35043 0.25781 0.34754 0.27344 0.34899 0.28320 0.35766 0.29004 0.35766 0.29834 0.36272 0.29736 0.37428 0.30225 0.38439 0.31006 0.42052 0.31787 0.43353 0.31787 0.44364 0.31348 0.45303 0.30908 0.45231 0.31006 0.45665 0.30225 0.47399 0.29736 0.48988 0.29736 0.50867 0.29492 0.51373 0.28320 0.51662 0.27246 0.52529 0.25586 0.52962
0 0.32617 0.78107 0.31641 0.77673 0.30518 0.75434 0.30322 0.72543 0.30615 0.71821 0.30713 0.70954 0.30615 0.69075 0.31006 0.67919 0.33203 0.64668 0.35449 0.62645 0.35547 0.62066 0.35840 0.62066 0.36084 0.62717 0.35986 0.63439 0.35596 0.64162 0.35596 0.65029 0.35986 0.68786 0.37207 0.70737 0.38379 0.71315 0.38721 0.71821 0.38721 0.72543 0.38135 0.73266 0.36621 0.75939 0.35645 0.76951 0.34863 0.77529 0.33105 0.77818 0.32617 0.78107
0 0.29297 0.64668 0.28516 0.64668 0.26855 0.63512 0.26562 0.62934 0.26025 0.62428 0.25732 0.61416 0.25244 0.60694 0.24365 0.59827 0.24170 0.58671 0.24268 0.53324 0.24414 0.53107 0.26270 0.52962 0.27539 0.52529 0.28516 0.51662 0.29395 0.51662 0.29736 0.52023 0.30322 0.53324 0.30225 0.53757 0.30566 0.54697 0.32812 0.56142 0.33350 0.56792 0.33350 0.58526 0.33545 0.59104 0.33447 0.59538 0.33838 0.60405 0.33545 0.60983 0.33643 0.61416 0.33350 0.61705 0.33252 0.62572 0.32861 0.63295 0.32861 0.64162 0.32715 0.64379 0.32422 0.63945 0.31543 0.64090 0.30273 0.63656 0.29492 0.64234 0.29297 0.64668
0 0.23242 0.54552 0.21680 0.54552 0.20801 0.53974 0.20166 0.53035 0.18994 0.50434 0.18213 0.47977 0.17529 0.47110 0.17139 0.44942 0.17139 0.44075 0.17480 0.43569 0.18066 0.43280 0.18896 0.42052 0.19434 0.40824 0.21289 0.39523 0.21875 0.39523 0.22119 0.39884 0.22021 0.43786 0.22119 0.45954 0.22314 0.46965 0.22314 0.49422 0.23779 0.52601 0.23779 0.54335 0.23242 0.54552
0 0.11328 0.64668 0.10645 0.64523 0.10254 0.64090 0.09180 0.63512 0.08398 0.62789 0.07471 0.61416 0.06982 0.59393 0.07373 0.55636 0.07715 0.55130 0.08691 0.54697 0.10449 0.53107 0.11182 0.52023 0.11914 0.49783 0.12305 0.49928 0.12598 0.49494 0.13281 0.49205 0.14062 0.49350 0.14453 0.49061 0.15527 0.49061 0.16504 0.49205 0.18262 0.50072 0.19873 0.52601 0.20264 0.53613 0.20361 0.54480 0.19336 0.55997 0.18457 0.56431 0.17627 0.57659 0.17432 0.58382 0.16943 0.59104 0.17041 0.61127 0.16699 0.61922 0.14844 0.62645 0.12988 0.63945 0.12207 0.64090 0.11328 0.64668
0 0.00000 0.43714 0.00146 0.43642 0.00244 0.42197 0.00146 0.40607 0.00244 0.39162 0.00635 0.38295 0.00439 0.37861 0.00684 0.37789 0.01318 0.36850 0.01465 0.36199 0.02637 0.35910 0.04980 0.36777 0.06104 0.38006 0.07666 0.41040 0.10107 0.44509 0.11182 0.48699 0.11084 0.51445 0.10352 0.52818 0.09375 0.53540 0.09082 0.54118 0.08496 0.54552 0.07031 0.54841 0.05273 0.54408 0.02637 0.51806 0.01904 0.50145 0.00244 0.47832 0.00146 0.44798 0.00000 0.44725
0 0.74219 0.24061 0.73975 0.23844 0.74072 0.21243 0.73779 0.18642 0.74316 0.18280 0.75781 0.17991 0.76318 0.17341 0.76807 0.14740 0.77197 0.14017 0.77100 0.13584 0.77734 0.12645 0.78320 0.12645 0.80957 0.13801 0.81543 0.14234 0.83545 0.16908 0.83545 0.18497 0.82910 0.18858 0.82373 0.19509 0.81348 0.22760 0.80859 0.23049 0.80273 0.23049 0.78809 0.22038 0.77441 0.21893 0.76953 0.22471 0.75195 0.23772 0.74219 0.24061
0 0.54785 0.75361 0.54297 0.75361 0.53955 0.74566 0.53174 0.73555 0.52979 0.72110 0.52686 0.71243 0.51416 0.68786 0.50537 0.66474 0.49902 0.65679 0.49512 0.65968 0.48730 0.65968 0.48682 0.65029 0.48828 0.64812 0.49707 0.64668 0.50488 0.63945 0.51953 0.63656 0.53711 0.62645 0.54297 0.62645 0.56055 0.63945 0.56592 0.64595 0.56982 0.65318 0.57959 0.68642 0.57959 0.70087 0.57666 0.72399 0.57031 0.73916 0.55957 0.74783 0.54980 0.74783 0.54785 0.75361
0 0.45215 0.83165 0.43066 0.82298 0.42041 0.81069 0.40967 0.78613 0.40576 0.77168 0.40381 0.75434 0.41602 0.75361 0.41797 0.75650 0.42285 0.75650 0.42041 0.76012 0.42529 0.76301 0.42578 0.76951 0.43164 0.77095 0.43555 0.77529 0.44238 0.77818 0.45801 0.77818 0.46973 0.77529 0.47266 0.77240 0.48486 0.75289 0.48877 0.73266 0.48877 0.69942 0.48486 0.67197 0.48584 0.66040 0.48340 0.65824 0.48047 0.66113 0.47900 0.65607 0.49121 0.65535 0.49121 0.65968 0.49512 0.65968 0.49951 0.66329 0.50049 0.66908 0.51025 0.68064 0.51221 0.69220 0.52588 0.71098 0.52686 0.72110 0.53174 0.73410 0.53174 0.73844 0.52783 0.74133 0.52783 0.75000 0.53467 0.75723 0.53662 0.76734 0.53467 0.78179 0.53076 0.79335 0.52441 0.80419 0.50195 0.82442 0.49121 0.82587 0.47949 0.81864 0.46191 0.82876 0.45605 0.82876 0.45215 0.83165
0 0.54297 0.86199 0.54004 0.85910 0.53613 0.86055 0.53418 0.85766 0.53125 0.85766 0.51709 0.84104 0.51709 0.83237 0.51416 0.82948 0.51611 0.82803 0.51416 0.82225 0.51709 0.81936 0.51514 0.81503 0.52344 0.80564 0.53174 0.79191 0.53662 0.77312 0.53564 0.76734 0.53809 0.76228 0.54980 0.75361 0.55273 0.75361 0.56152 0.74205 0.57031 0.73772 0.57861 0.75145 0.58154 0.77168 0.58057 0.79046 0.57568 0.81792 0.57080 0.83237 0.56348 0.84321 0.55762 0.84754 0.54883 0.85910 0.54297 0.86199
0 0.11621 0.54118 0.11084 0.51301 0.10791 0.48555 0.10205 0.45954 0.08838 0.42919 0.07666 0.40607 0.05811 0.36850 0.07715 0.34032 0.09326 0.33382 0.08545 0.32514 0.08936 0.28468 0.08252 0.28324 0.08691 0.25361 0.10303 0.25000 0.10254 0.22760 0.10400 0.21821 0.11914 0.21315 0.13281 0.22038 0.14404 0.23988 0.16602 0.24639 0.15674 0.22254 0.14844 0.21460 0.15918 0.20014 0.16992 0.20014 0.16602 0.19147 0.18359 0.18425 0.20068 0.20809 0.19531 0.22471 0.18066 0.22327 0.18311 0.20954 0.16943 0.20665 0.17578 0.21893 0.18262 0.22616 0.16797 0.25361 0.16309 0.26084 0.17236 0.27890 0.17920 0.27023 0.19873 0.26445 0.19043 0.28974 0.17578 0.29986 0.17090 0.29552 0.15869 0.31069 0.17480 0.32153 0.17773 0.33887 0.18262 0.34899 0.19141 0.35477 0.20801 0.36922 0.21680 0.37211 0.23193 0.35983 0.22070 0.37355 0.19922 0.37789 0.21826 0.38728 0.20215 0.39523 0.18799 0.41040 0.17871 0.42269 0.16797 0.44292 0.15674 0.43497 0.15820 0.46315 0.15723 0.47327 0.17090 0.47760 0.17334 0.49277 0.16064 0.47832 0.15918 0.49350 0.14307 0.49422 0.13135 0.50289 0.12891 0.51517 0.11865 0.52601 0.11768 0.53613
0 0.68164 0.99783 0.64844 0.99639 0.62256 0.98844 0.62012 0.99205 0.59863 0.98483 0.57617 0.98627 0.57178 0.96821 0.56689 0.94220 0.56201 0.91474 0.56201 0.89306 0.56104 0.86561 0.56738 0.84176 0.57666 0.83382 0.58252 0.80202 0.58740 0.80925 0.58350 0.79191 0.58838 0.76156 0.58643 0.75578 0.57959 0.72543 0.58643 0.71676 0.58740 0.70231 0.58057 0.68208 0.59180 0.66113 0.62012 0.65535 0.64990 0.63439 0.65820 0.63078 0.67871 0.61633 0.70068 0.61561 0.68311 0.62717 0.66016 0.63223 0.66113 0.64668 0.64990 0.64451 0.64062 0.66113 0.65234 0.67847 0.70703 0.68714 0.73730 0.66835 0.75684 0.68136 0.75244 0.70087 0.75342 0.72110 0.74561 0.74566 0.73975 0.76734 0.75342 0.77601 0.74219 0.78107 0.72559 0.78396 0.72803 0.81069 0.72607 0.82514 0.71875 0.84754 0.73047 0.84465 0.73730 0.85766 0.74268 0.87861 0.73730 0.90246 0.73682 0.91040 0.75342 0.91474 0.73975 0.92197 0.73145 0.93280 0.72559 0.95592 0.71924 0.94798 0.71240 0.94653 0.71631 0.97254 0.71582 0.99205 0.70410 0.99061 0.68164 0.99783
0 0.67480 0.99783 0.60938 0.99783 0.57812 0.99350 0.56592 0.96387 0.56299 0.93786 0.55420 0.91185 0.54980 0.90679 0.56055 0.90390 0.56104 0.88873 0.55566 0.89379 0.55225 0.86416 0.57471 0.83671 0.57666 0.80636 0.57959 0.78757 0.57666 0.76012 0.57861 0.71965 0.58545 0.69509 0.57471 0.65896 0.63477 0.64957 0.64355 0.65101 0.63672 0.65246 0.65137 0.67991 0.67969 0.68858 0.71387 0.68425 0.74658 0.66474 0.75146 0.64451 0.76709 0.65318 0.75684 0.67269 0.78027 0.70159 0.80811 0.70665 0.78760 0.71821 0.78174 0.73266 0.78369 0.75578 0.80127 0.75578 0.79736 0.73699 0.80664 0.72760 0.81348 0.72038 0.81592 0.74422 0.80957 0.76951 0.81055 0.77384 0.80469 0.78107 0.81885 0.80636 0.80518 0.79624 0.79785 0.79697 0.79248 0.82659 0.80713 0.84538 0.78467 0.85260 0.78174 0.84682 0.79199 0.85766 0.79834 0.88006 0.81104 0.89306 0.81104 0.91040 0.81396 0.93064 0.80664 0.94725 0.80518 0.96821 0.82178 0.95520 0.82227 0.97760 0.81299 0.97688 0.79688 0.99639 0.75684 0.99639 0.68848 0.99928
0 0.34961 0.92558 0.34277 0.92269 0.33691 0.92413 0.33350 0.91908 0.33252 0.90896 0.32959 0.90318 0.33154 0.90173 0.33105 0.89812 0.32812 0.90246 0.32520 0.89957 0.32129 0.90101 0.31982 0.89740 0.32031 0.89090 0.31152 0.88512 0.30762 0.88512 0.30713 0.88006 0.30273 0.87500 0.29980 0.87500 0.29785 0.86777 0.29150 0.86416 0.29346 0.85983 0.29053 0.85838 0.28955 0.84682 0.29346 0.84538 0.29053 0.84249 0.29248 0.83382 0.29004 0.83020 0.28613 0.83309 0.28174 0.83237 0.28076 0.82803 0.27783 0.82514 0.28223 0.82587 0.28369 0.82081 0.28223 0.81720 0.27881 0.81792 0.27930 0.81431 0.27637 0.81575 0.27490 0.81358 0.27539 0.80564 0.28027 0.80708 0.28223 0.81142 0.28516 0.80708 0.28711 0.80708 0.28906 0.81142 0.28955 0.80636 0.28662 0.80347 0.28857 0.80058 0.28760 0.79480 0.29688 0.78974 0.29785 0.78685 0.30273 0.78540 0.30420 0.77890 0.30664 0.77673 0.30957 0.77962 0.31348 0.77673 0.31641 0.78107 0.32227 0.78251 0.32861 0.79046 0.32861 0.79480 0.33105 0.79986 0.33350 0.79046 0.33545 0.79046 0.33545 0.79480 0.33838 0.79913 0.33545 0.80347 0.33740 0.80636 0.33740 0.81214 0.34033 0.81503 0.33496 0.81575 0.33545 0.82514 0.32959 0.82803 0.32715 0.83887 0.32422 0.83598 0.32373 0.83815 0.32861 0.84538 0.33057 0.85260 0.33447 0.85405 0.33447 0.86272 0.33643 0.86850 0.33398 0.87066 0.33105 0.86633 0.32666 0.87861 0.32471 0.88006 0.32373 0.88728 0.32812 0.88512 0.33105 0.88945 0.33252 0.88295 0.33496 0.88078 0.33740 0.88873 0.34033 0.89017 0.34033 0.89451 0.34326 0.89740 0.34375 0.90101 0.35059 0.90535 0.35840 0.90535 0.36377 0.91040 0.36475 0.91474 0.36230 0.91980 0.34961 0.92558
0 0.13379 0.97905 0.13525 0.95231 0.12646 0.95665 0.12109 0.97905 0.08398 0.97760 0.08057 0.96243 0.08545 0.87717 0.08252 0.86561 0.07422 0.86344 0.07422 0.84899 0.08398 0.84176 0.10010 0.83237 0.07715 0.83887 0.06738 0.83454 0.06299 0.82948 0.08496 0.82009 0.08496 0.81575 0.07422 0.80564 0.06299 0.81069 0.06738 0.78829 0.08057 0.79480 0.07666 0.76734 0.08936 0.76012 0.09863 0.73338 0.12207 0.70448 0.13330 0.67630 0.16113 0.66402 0.17334 0.60694 0.17969 0.57731 0.19824 0.57298 0.21143 0.58960 0.23047 0.59465 0.24072 0.61416 0.23730 0.61922 0.26465 0.65101 0.25293 0.68425 0.23096 0.69942 0.23730 0.71604 0.25342 0.75434 0.23193 0.76879 0.23047 0.77384 0.23730 0.79552 0.23291 0.81358 0.21289 0.84032 0.22900 0.85694 0.24121 0.85477 0.25879 0.86199 0.27588 0.89595 0.26416 0.90318 0.26025 0.89884 0.25732 0.93497 0.24219 0.95448 0.22363 0.95882 0.21143 0.95665 0.19971 0.94509 0.19922 0.89957 0.20264 0.88439 0.18750 0.87355 0.17773 0.88801 0.16797 0.87645 0.15381 0.88439 0.15625 0.89379 0.17334 0.91474 0.18115 0.90318 0.17480 0.91835 0.17334 0.93497 0.17480 0.94581 0.15332 0.93569 0.15186 0.96387 0.14795 0.97254
0 0.43164 0.99783 0.40430 0.99783 0.40039 0.98772 0.38330 0.98410 0.38965 0.97327 0.39209 0.97254 0.39111 0.96821 0.39990 0.95376 0.40088 0.93353 0.39795 0.92775 0.39795 0.91908 0.40186 0.91474 0.40283 0.90751 0.41064 0.89884 0.41211 0.89234 0.42188 0.89090 0.42480 0.88801 0.43652 0.89234 0.43848 0.89523 0.44238 0.89379 0.44922 0.90101 0.45996 0.90246 0.46680 0.91113 0.46973 0.90968 0.46924 0.91329 0.47070 0.91546 0.47363 0.91402 0.47412 0.91763 0.47900 0.92341 0.48389 0.93353 0.48779 0.95809 0.48486 0.97110 0.47900 0.98410 0.47461 0.98772 0.47412 0.99133 0.47168 0.99205 0.46973 0.99639 0.44434 0.99639 0.44141 0.99350 0.43945 0.99639 0.43164 0.99783
