0 0.86035 0.65101 0.85449 0.65101 0.84180 0.64523 0.82812 0.64523 0.82275 0.63439 0.81982 0.60838 0.81982 0.57514 0.82568 0.54913 0.82666 0.53757 0.83057 0.52457 0.84277 0.50795 0.84863 0.50361 0.85840 0.50072 0.87012 0.50506 0.88037 0.52168 0.88330 0.53613 0.88330 0.57948 0.88037 0.59249 0.88037 0.61850 0.87451 0.63584 0.86621 0.64812 0.86035 0.65101
0 0.90234 0.81142 0.89453 0.80853 0.88916 0.80202 0.88623 0.79335 0.88525 0.78324 0.87012 0.76517 0.86475 0.75578 0.85400 0.72110 0.85400 0.70376 0.86377 0.68931 0.86914 0.67702 0.88086 0.66980 0.89258 0.67413 0.90527 0.68569 0.91260 0.69653 0.92236 0.72832 0.92725 0.73844 0.92920 0.76012 0.93213 0.76734 0.93018 0.77168 0.93213 0.77601 0.92725 0.78179 0.92725 0.79191 0.92432 0.79480 0.92432 0.79769 0.90234 0.81142
0 0.92188 0.37789 0.91211 0.37789 0.89258 0.37211 0.87793 0.36199 0.86768 0.34971 0.86084 0.32803 0.86084 0.31647 0.86475 0.30058 0.86865 0.29191 0.86865 0.28757 0.87207 0.28251 0.87988 0.27818 0.88965 0.27818 0.89746 0.28107 0.91699 0.29697 0.92285 0.30419 0.94141 0.31575 0.94678 0.32225 0.94873 0.32948 0.94775 0.35405 0.93750 0.37211 0.92188 0.37789
0 0.99902 0.93136 0.99609 0.93425 0.99219 0.93425 0.96094 0.92702 0.94922 0.91980 0.93652 0.91546 0.91309 0.89812 0.90625 0.89523 0.90381 0.89162 0.90283 0.88006 0.89893 0.86416 0.89111 0.84393 0.88721 0.83815 0.88721 0.83382 0.89551 0.82442 0.90625 0.81720 0.92578 0.81575 0.93457 0.82587 0.94922 0.82587 0.95605 0.83165 0.96680 0.83598 0.97656 0.84321 0.98486 0.85405 0.98975 0.86561 0.99268 0.88006 0.99658 0.88873 0.99756 0.89884 0.99902 0.89957
0 0.83691 0.86633 0.82422 0.86633 0.81738 0.86199 0.80713 0.84827 0.80762 0.84610 0.80957 0.84754 0.81104 0.84393 0.80762 0.84321 0.79932 0.83092 0.79932 0.81792 0.81055 0.80997 0.81348 0.80419 0.81738 0.80130 0.81982 0.79191 0.82812 0.78251 0.83008 0.78251 0.83545 0.77168 0.84180 0.76373 0.86035 0.76517 0.86621 0.76951 0.87061 0.77601 0.87549 0.79191 0.87451 0.83092 0.87061 0.83960 0.85938 0.85332 0.85156 0.85621 0.84863 0.86055 0.83691 0.86633
0 0.88184 0.98627 0.87207 0.98627 0.85254 0.97471 0.83740 0.95809 0.82666 0.93497 0.82178 0.91040 0.82275 0.89595 0.82959 0.88006 0.83691 0.86922 0.85254 0.86922 0.87109 0.88078 0.87988 0.89234 0.88672 0.89668 0.89697 0.91908 0.90381 0.94509 0.90283 0.95954 0.89990 0.96965 0.89453 0.97760 0.88184 0.98627
0 0.99902 0.31286 0.99609 0.31864 0.98340 0.32587 0.96484 0.32442 0.94922 0.32009 0.92383 0.29986 0.91650 0.28757 0.91553 0.27312 0.91748 0.26012 0.92041 0.25289 0.92480 0.24639 0.93457 0.23772 0.94727 0.23049 0.96387 0.23194 0.97656 0.23772 0.98340 0.23772 0.99463 0.25000 0.99756 0.25723 0.99756 0.28902 0.99902 0.28974
0 0.90430 0.25217 0.90039 0.25072 0.89795 0.24711 0.89307 0.22977 0.88428 0.21387 0.88428 0.20954 0.87842 0.19220 0.87646 0.16763 0.87842 0.15607 0.88135 0.14884 0.89258 0.13367 0.90332 0.12645 0.91406 0.12645 0.91797 0.12789 0.93018 0.14595 0.93311 0.15318 0.93896 0.15896 0.93701 0.16329 0.94678 0.18208 0.94873 0.19075 0.94873 0.20231 0.94678 0.20665 0.94482 0.22254 0.93848 0.23338 0.92188 0.24639 0.91016 0.24783 0.90430 0.25217
0 0.84668 0.45737 0.83105 0.45159 0.82275 0.44075 0.82178 0.43208 0.81299 0.40751 0.81201 0.36127 0.81396 0.35549 0.81299 0.35116 0.81543 0.34754 0.82422 0.34610 0.82715 0.34321 0.83691 0.34465 0.84570 0.33309 0.85547 0.32731 0.85986 0.33237 0.86377 0.34538 0.87451 0.36272 0.87256 0.38150 0.87744 0.40318 0.87744 0.41329 0.86963 0.43642 0.86328 0.44725 0.85547 0.45448 0.84668 0.45737
0 0.77344 0.52529 0.75488 0.52529 0.74805 0.52095 0.74414 0.52095 0.73779 0.51301 0.73389 0.49422 0.73779 0.47399 0.73975 0.47110 0.73975 0.46387 0.75488 0.44003 0.77441 0.41546 0.78809 0.40824 0.80469 0.40824 0.81494 0.42052 0.81885 0.43208 0.81982 0.44653 0.81494 0.46821 0.81104 0.47977 0.80664 0.48627 0.79883 0.49350 0.77832 0.52240 0.77344 0.52529
0 0.79688 0.96171 0.78613 0.96026 0.77637 0.95303 0.76807 0.94075 0.76221 0.92341 0.75830 0.88150 0.75830 0.86416 0.76611 0.84827 0.77441 0.83743 0.78613 0.83598 0.79590 0.83887 0.81006 0.85983 0.81885 0.88873 0.81982 0.92341 0.81787 0.93786 0.80859 0.95592 0.79688 0.96171
0 0.76270 0.84032 0.74707 0.84032 0.73438 0.83454 0.72266 0.82298 0.69531 0.80419 0.68701 0.78902 0.68799 0.77746 0.70605 0.74783 0.71387 0.74639 0.71973 0.74205 0.74707 0.74928 0.76172 0.75650 0.78174 0.78757 0.78271 0.79191 0.78174 0.81069 0.77783 0.82659 0.77148 0.83598 0.76270 0.84032
0 0.75586 0.74783 0.72656 0.73772 0.72266 0.73483 0.71533 0.72399 0.71143 0.70231 0.70947 0.69942 0.71338 0.69075 0.71143 0.68786 0.71143 0.67630 0.71484 0.65824 0.72852 0.65246 0.74219 0.65390 0.75391 0.66402 0.76172 0.67702 0.77393 0.69075 0.77686 0.69798 0.77686 0.70376 0.77295 0.71098 0.77393 0.71387 0.76416 0.72543 0.76611 0.72977 0.76416 0.73555 0.76123 0.73699 0.76221 0.74133 0.75586 0.74783
0 0.83105 0.34032 0.81348 0.33887 0.79883 0.32587 0.79590 0.32587 0.77881 0.31503 0.77490 0.28613 0.77588 0.28179 0.77197 0.27601 0.77197 0.26879 0.77832 0.25361 0.78320 0.25361 0.79883 0.24639 0.81934 0.24928 0.84375 0.26373 0.85596 0.27457 0.86084 0.28613 0.86084 0.29769 0.85400 0.32081 0.83789 0.33887 0.83105 0.34032
0 0.70996 0.36922 0.68848 0.36922 0.66406 0.35477 0.66113 0.35477 0.65674 0.34827 0.65576 0.33671 0.64893 0.32803 0.64307 0.31214 0.64307 0.30347 0.64893 0.29335 0.64990 0.28613 0.65430 0.27818 0.66602 0.27240 0.67676 0.27240 0.69238 0.27673 0.71289 0.28829 0.72217 0.30202 0.72998 0.32514 0.72998 0.33237 0.72510 0.35116 0.72119 0.35983 0.70996 0.36922
0 0.75879 0.33887 0.74512 0.33743 0.73730 0.33020 0.73096 0.31792 0.73096 0.30925 0.72314 0.30058 0.72217 0.28902 0.71924 0.28613 0.71729 0.28035 0.70996 0.27529 0.70605 0.26951 0.70215 0.26806 0.68701 0.24422 0.68408 0.23266 0.68115 0.22832 0.68408 0.22543 0.68408 0.21676 0.68799 0.20520 0.69336 0.19725 0.70508 0.19292 0.72559 0.19147 0.74512 0.21460 0.75928 0.23699 0.76807 0.26012 0.77100 0.27312 0.77100 0.28757 0.77588 0.30925 0.77393 0.32225 0.77100 0.32803 0.76562 0.33454 0.75879 0.33887
0 0.70996 0.16546 0.69531 0.16402 0.68555 0.15390 0.67725 0.14162 0.67627 0.10838 0.67822 0.09393 0.68555 0.08309 0.69824 0.07587 0.72168 0.07442 0.73730 0.08020 0.74463 0.08815 0.75244 0.10549 0.75537 0.11705 0.75439 0.12717 0.74951 0.14017 0.73828 0.15390 0.72559 0.16113 0.70996 0.16546
0 0.65723 0.71893 0.65137 0.71749 0.64453 0.70592 0.62500 0.70737 0.61914 0.70448 0.61670 0.69942 0.61865 0.69075 0.62207 0.68569 0.62402 0.68569 0.62646 0.67919 0.63037 0.67486 0.62842 0.67197 0.62939 0.66908 0.63477 0.66691 0.63672 0.66980 0.63721 0.66474 0.64404 0.65318 0.64209 0.64740 0.63916 0.64451 0.63916 0.63728 0.64062 0.63512 0.64355 0.63656 0.65723 0.62645 0.68066 0.62066 0.68945 0.62066 0.69922 0.62500 0.70264 0.63006 0.70654 0.64595 0.71143 0.65751 0.71143 0.66618 0.70654 0.69075 0.70020 0.70014 0.68457 0.70448 0.65723 0.71893
0 0.63477 0.80853 0.62598 0.80853 0.62012 0.80275 0.60156 0.79408 0.58984 0.78251 0.58350 0.77168 0.58350 0.74566 0.58984 0.74061 0.60645 0.71604 0.62207 0.71604 0.62891 0.72038 0.63770 0.73049 0.65137 0.73194 0.65625 0.73772 0.66016 0.73772 0.66455 0.74133 0.66748 0.76012 0.67432 0.78324 0.67432 0.79191 0.66992 0.79697 0.66309 0.79986 0.63477 0.80853
0 0.57031 0.74783 0.55322 0.74566 0.55127 0.69798 0.56104 0.68497 0.56104 0.67919 0.56348 0.67413 0.58105 0.66402 0.59961 0.67991 0.60400 0.68642 0.60693 0.69942 0.60400 0.71098 0.58789 0.73916 0.57031 0.74783
0 0.59082 0.87355 0.58105 0.87355 0.57715 0.87066 0.56836 0.85910 0.54785 0.84176 0.54639 0.83815 0.54541 0.83237 0.54736 0.82514 0.54980 0.82153 0.55566 0.81864 0.56006 0.81214 0.56104 0.79913 0.55273 0.79552 0.54883 0.79986 0.54736 0.79046 0.54248 0.78468 0.54150 0.77457 0.54346 0.76879 0.54785 0.76373 0.55371 0.76084 0.56055 0.75361 0.56738 0.75217 0.57324 0.75650 0.58594 0.77962 0.60156 0.79986 0.61523 0.81142 0.61963 0.82081 0.61963 0.84538 0.61377 0.85983 0.60449 0.86922 0.59082 0.87355
0 0.52734 0.77384 0.48730 0.76662 0.47656 0.76228 0.46680 0.75217 0.46143 0.74277 0.46045 0.73410 0.46240 0.71676 0.46826 0.70231 0.47559 0.69147 0.47949 0.68858 0.51172 0.67991 0.52246 0.68136 0.54590 0.69581 0.55225 0.70809 0.55127 0.74422 0.54590 0.75506 0.54297 0.75650 0.53223 0.77095 0.52734 0.77384
0 0.51660 0.99783 0.46094 0.99639 0.45850 0.99277 0.45850 0.97977 0.47217 0.96098 0.47607 0.94942 0.48877 0.92630 0.52734 0.87211 0.53516 0.86488 0.54395 0.86488 0.55859 0.87500 0.56689 0.88728 0.56885 0.89595 0.56787 0.91908 0.56396 0.93064 0.54346 0.96821 0.52441 0.99205 0.51660 0.99783
0 0.43750 0.90390 0.42676 0.90390 0.42090 0.90101 0.41260 0.89017 0.40771 0.87428 0.40674 0.85116 0.41260 0.83382 0.42627 0.77890 0.43066 0.77240 0.43750 0.76806 0.44727 0.76662 0.45215 0.76951 0.46387 0.78540 0.47070 0.78251 0.47510 0.78757 0.47803 0.79480 0.47803 0.81358 0.47412 0.82514 0.47412 0.83815 0.47021 0.84393 0.46533 0.86561 0.46143 0.87572 0.44824 0.89812 0.43750 0.90390
0 0.38477 0.97760 0.37695 0.97760 0.36768 0.96965 0.36475 0.96098 0.35693 0.90896 0.35693 0.88584 0.35986 0.86416 0.36572 0.84827 0.37207 0.84032 0.37793 0.83743 0.39062 0.83887 0.40186 0.84827 0.40479 0.85405 0.40576 0.87283 0.40869 0.88584 0.41650 0.90173 0.41943 0.91329 0.41943 0.93353 0.41553 0.94942 0.40625 0.96171 0.38477 0.97760
0 0.47266 0.59610 0.45801 0.59321 0.43945 0.58165 0.43115 0.56936 0.42725 0.55780 0.42627 0.54913 0.42822 0.53902 0.44727 0.50939 0.46094 0.51084 0.48193 0.52890 0.48389 0.54191 0.47607 0.56503 0.47607 0.58526 0.47510 0.59249 0.47266 0.59610
0 0.36328 0.76806 0.35156 0.76084 0.33350 0.73988 0.33154 0.72977 0.33057 0.70520 0.32666 0.69075 0.32861 0.67052 0.33350 0.65173 0.33350 0.63873 0.33740 0.62428 0.34473 0.61633 0.36914 0.61488 0.37500 0.61777 0.38916 0.63439 0.39111 0.64306 0.39111 0.66329 0.38916 0.67197 0.38916 0.67919 0.39111 0.68353 0.39111 0.70231 0.38818 0.71532 0.38916 0.72543 0.38721 0.74133 0.37988 0.75939 0.37305 0.76517 0.36328 0.76806
0 0.52930 0.24639 0.52246 0.24639 0.51562 0.23916 0.51465 0.24494 0.50488 0.24061 0.49609 0.22760 0.47559 0.21026 0.45459 0.18208 0.45459 0.17919 0.44873 0.17052 0.44678 0.15896 0.44678 0.14162 0.45312 0.12789 0.46484 0.11922 0.49219 0.11922 0.51074 0.13367 0.54248 0.16618 0.55127 0.19220 0.55127 0.21821 0.54102 0.23772 0.52930 0.24639
0 0.46289 0.11488 0.45312 0.11344 0.44336 0.10621 0.44043 0.10621 0.43018 0.09682 0.42725 0.08671 0.42725 0.07370 0.42529 0.07081 0.42529 0.06503 0.43164 0.05419 0.43945 0.04697 0.45117 0.04408 0.46680 0.03540 0.48047 0.03396 0.49121 0.02962 0.49414 0.02529 0.52051 0.02095 0.52734 0.02095 0.53809 0.02529 0.54932 0.04480 0.55029 0.05058 0.54541 0.07370 0.54053 0.08526 0.52637 0.10188 0.49902 0.11199 0.47949 0.11055 0.46289 0.11488
0 0.42480 0.26228 0.41797 0.26084 0.40527 0.24350 0.39844 0.23916 0.39355 0.24061 0.39258 0.23772 0.38379 0.23483 0.37598 0.23627 0.35645 0.22616 0.34912 0.21532 0.34717 0.20809 0.34521 0.18497 0.34912 0.16474 0.35742 0.15246 0.36426 0.14668 0.37598 0.14234 0.38672 0.14234 0.39355 0.14523 0.39941 0.15390 0.41992 0.16835 0.44043 0.19147 0.44580 0.20087 0.44580 0.21821 0.44092 0.23844 0.44092 0.24422 0.43457 0.25506 0.42480 0.26228
0 0.40039 0.34610 0.39258 0.34465 0.38965 0.34032 0.37695 0.33309 0.36914 0.32298 0.34766 0.30853 0.34326 0.30202 0.33936 0.28035 0.33936 0.26734 0.34766 0.25217 0.35938 0.24350 0.36816 0.24350 0.39453 0.26517 0.40918 0.27240 0.41504 0.27095 0.42139 0.27601 0.42529 0.29769 0.42334 0.32370 0.41602 0.33309 0.40039 0.34610
0 0.29785 0.66402 0.28125 0.66257 0.26953 0.65390 0.25781 0.64957 0.24561 0.63295 0.24463 0.61994 0.24658 0.61272 0.24658 0.60260 0.25488 0.57587 0.27930 0.57009 0.30176 0.57153 0.31055 0.57731 0.32178 0.59538 0.32275 0.61416 0.32471 0.61705 0.32178 0.63006 0.32178 0.64162 0.31641 0.65101 0.30664 0.66113 0.30176 0.66113 0.29785 0.66402
0 0.19629 0.61777 0.18555 0.61344 0.17383 0.61199 0.16553 0.60694 0.16260 0.58092 0.16260 0.56214 0.16455 0.54913 0.17480 0.53251 0.18066 0.52673 0.21875 0.49639 0.22363 0.49494 0.23730 0.48483 0.24609 0.48338 0.25098 0.48627 0.26221 0.50145 0.26416 0.50723 0.27393 0.52168 0.26855 0.52818 0.26416 0.53035 0.26611 0.53613 0.26514 0.54191 0.25293 0.56142 0.23242 0.58454 0.22266 0.60477 0.19629 0.61777
0 0.15234 0.27673 0.14648 0.27673 0.14307 0.27312 0.14111 0.26734 0.14307 0.26012 0.14990 0.24422 0.16553 0.22254 0.19971 0.14451 0.20068 0.13439 0.20410 0.12934 0.21289 0.12355 0.22656 0.11922 0.23340 0.12211 0.24219 0.13078 0.24854 0.14017 0.25049 0.15173 0.25342 0.15896 0.25342 0.17919 0.24658 0.19798 0.24463 0.21098 0.23975 0.22399 0.22021 0.26156 0.21582 0.26662 0.20508 0.26517 0.19629 0.26951 0.17383 0.26373 0.16309 0.26806 0.15234 0.27673
0 0.17188 0.51373 0.16113 0.51228 0.15723 0.50939 0.14502 0.48844 0.14307 0.47977 0.14404 0.46243 0.14600 0.45520 0.15332 0.44725 0.16016 0.44147 0.17676 0.43569 0.19141 0.42702 0.19922 0.42413 0.20898 0.42413 0.22656 0.44147 0.23584 0.45665 0.23682 0.47254 0.23486 0.47832 0.22852 0.48483 0.20898 0.50072 0.17188 0.51373
0 0.14648 0.69003 0.12891 0.68714 0.11133 0.67991 0.10156 0.67413 0.08203 0.65679 0.07275 0.64451 0.06885 0.63295 0.06787 0.62428 0.06299 0.61272 0.06494 0.60260 0.08594 0.57731 0.09961 0.57731 0.12695 0.59610 0.13281 0.60332 0.13672 0.60477 0.16504 0.62934 0.17041 0.63728 0.16748 0.65318 0.16846 0.68208 0.16504 0.68714 0.15723 0.68569 0.14648 0.69003
0 0.12695 0.55708 0.11621 0.55708 0.10156 0.54841 0.08740 0.52746 0.08252 0.50867 0.08154 0.48555 0.08447 0.47254 0.09180 0.46171 0.10254 0.45737 0.11328 0.45737 0.12891 0.46460 0.13721 0.47688 0.14111 0.48844 0.14209 0.49855 0.14795 0.52168 0.15088 0.54769 0.14746 0.55130 0.13574 0.54986 0.13281 0.55419 0.12988 0.55275 0.12695 0.55708
0 0.00977 0.40824 0.00391 0.40824 0.00146 0.39884 0.00146 0.28757 0.00391 0.28396 0.01709 0.30202 0.02881 0.33526 0.02979 0.35983 0.03662 0.36994 0.03467 0.37861 0.02148 0.40246 0.00977 0.40824
0 0.00000 0.49783 0.00146 0.49711 0.00244 0.48988 0.00244 0.47832 0.00391 0.47471 0.00684 0.47471 0.03125 0.48627 0.04395 0.49639 0.04834 0.50434 0.05518 0.53179 0.05420 0.55925 0.04346 0.59104 0.03516 0.60477 0.02930 0.60910 0.00586 0.61488 0.00244 0.61127 0.00146 0.51590 0.00244 0.50867 0.00146 0.50000 0.00000 0.49928
0 0.68457 0.99639 0.67871 0.98916 0.66992 0.99639 0.66113 0.99061 0.65527 0.99639 0.62988 0.99205 0.61816 0.99639 0.60840 0.99494 0.60059 0.99061 0.59375 0.99205 0.58301 0.99639 0.57422 0.99350 0.56836 0.99639 0.56348 0.99350 0.53271 0.98699 0.53906 0.97905 0.54492 0.97471 0.54541 0.97254 0.55273 0.95592 0.55811 0.94942 0.56592 0.93208 0.57275 0.91040 0.57178 0.89306 0.57568 0.88728 0.57324 0.88078 0.56934 0.88512 0.56494 0.87283 0.56104 0.86561 0.55957 0.85910 0.57178 0.86705 0.56982 0.87572 0.57324 0.87355 0.59570 0.87355 0.60742 0.86922 0.61865 0.86850 0.61670 0.85694 0.61963 0.83671 0.62158 0.82659 0.61963 0.81214 0.61914 0.80419 0.62500 0.80853 0.62695 0.81142 0.63867 0.80708 0.65625 0.80419 0.67090 0.79697 0.67334 0.80925 0.67334 0.81792 0.68066 0.82153 0.68311 0.82514 0.68018 0.84104 0.68311 0.84827 0.68506 0.85838 0.68945 0.86199 0.69531 0.86488 0.70166 0.86850 0.69775 0.87428 0.70996 0.87934 0.70898 0.88656 0.69873 0.89595 0.70215 0.91113 0.71045 0.91474 0.70605 0.91257 0.70117 0.91691 0.68994 0.92197 0.69922 0.92124 0.69678 0.92630 0.69531 0.93280 0.68848 0.93280 0.69092 0.94220 0.69141 0.95159 0.69482 0.94075 0.69873 0.95231 0.70068 0.96676 0.69434 0.96893 0.69141 0.96315 0.68652 0.95882 0.68115 0.96387 0.68896 0.98410 0.68701 0.99133
0 0.70996 0.99639 0.66602 0.99639 0.65234 0.99350 0.63672 0.99350 0.62744 0.99566 0.60547 0.99350 0.59229 0.98121 0.58350 0.98699 0.59326 0.98988 0.58496 0.99494 0.57617 0.98916 0.56445 0.98916 0.54785 0.99205 0.54785 0.98194 0.55078 0.98916 0.55664 0.98627 0.55908 0.97110 0.56104 0.95954 0.55176 0.96315 0.55811 0.95665 0.56201 0.94075 0.57568 0.88584 0.56738 0.88367 0.55762 0.86199 0.54590 0.86199 0.55127 0.85694 0.55371 0.84610 0.55664 0.85910 0.58984 0.87789 0.60645 0.87066 0.61768 0.86272 0.62158 0.82514 0.62109 0.80997 0.63281 0.81286 0.66016 0.80564 0.67480 0.79986 0.67676 0.82153 0.68848 0.82009 0.68896 0.81069 0.68311 0.80491 0.67822 0.78613 0.67334 0.76734 0.67041 0.74133 0.67090 0.73049 0.66260 0.72977 0.66797 0.72038 0.68750 0.71026 0.71143 0.71243 0.71240 0.73266 0.71045 0.74133 0.70605 0.75506 0.69434 0.76517 0.68701 0.77168 0.69629 0.80564 0.72363 0.82587 0.74219 0.84465 0.75293 0.84465 0.75635 0.85694 0.75439 0.92630 0.74365 0.93497 0.75049 0.95520 0.75439 0.95231 0.75000 0.96604 0.74365 0.96532 0.74121 0.98483 0.72461 0.99061
0 0.60938 0.62645 0.60693 0.61561 0.60938 0.60621 0.59961 0.60766 0.58691 0.60766 0.58643 0.60116 0.59424 0.59538 0.58936 0.58815 0.59424 0.57948 0.60010 0.56358 0.60156 0.55564 0.62500 0.55130 0.63379 0.54697 0.62793 0.54552 0.62842 0.53757 0.63525 0.53468 0.62891 0.52384 0.62988 0.50217 0.63525 0.50145 0.63867 0.49783 0.63818 0.49133 0.64746 0.49205 0.63965 0.47616 0.62988 0.47760 0.63281 0.47471 0.63232 0.46821 0.62451 0.45954 0.63672 0.45303 0.64746 0.45737 0.65723 0.46026 0.66797 0.45882 0.66748 0.46243 0.67725 0.46387 0.68213 0.46676 0.68506 0.48410 0.68994 0.50000 0.69385 0.50578 0.70166 0.50578 0.69678 0.52457 0.69775 0.54046 0.70703 0.55564 0.71387 0.55564 0.71289 0.55708 0.71045 0.56503 0.71924 0.57514 0.70996 0.57876 0.70068 0.58237 0.69629 0.59176 0.68750 0.58743 0.69238 0.57298 0.67139 0.57225 0.68359 0.56575 0.69043 0.57009 0.69385 0.55491 0.68652 0.55708 0.68018 0.55925 0.67871 0.54263 0.66797 0.56142 0.66455 0.55202 0.66748 0.54046 0.66406 0.52529 0.66309 0.55275 0.65820 0.54408 0.63818 0.54913 0.65479 0.55925 0.65576 0.56792 0.65381 0.57948 0.65820 0.58887 0.66992 0.59610 0.66748 0.60260 0.66406 0.60621 0.65820 0.60477 0.64941 0.60621 0.64258 0.58598 0.64209 0.59104 0.63818 0.60260 0.63330 0.61416 0.62500 0.61633 0.61719 0.62066
0 0.34863 0.91691 0.34473 0.91257 0.34082 0.91691 0.34180 0.90968 0.33252 0.90607 0.33203 0.89523 0.32520 0.89523 0.32178 0.89017 0.32471 0.88295 0.32324 0.87934 0.31689 0.88295 0.32129 0.86488 0.32666 0.86705 0.32031 0.86344 0.30615 0.87283 0.30664 0.87934 0.29932 0.87283 0.29492 0.86199 0.29004 0.86488 0.28760 0.84393 0.29150 0.84393 0.29199 0.85188 0.30127 0.84538 0.30566 0.82009 0.30859 0.82587 0.31201 0.82225 0.31201 0.81647 0.30664 0.80708 0.30469 0.81575 0.28857 0.81792 0.29785 0.81142 0.29199 0.79986 0.29443 0.80780 0.28906 0.80853 0.28760 0.79913 0.29297 0.79841 0.29492 0.78974 0.28906 0.78685 0.28906 0.78107 0.29980 0.77673 0.30664 0.77529 0.30908 0.78757 0.31104 0.78468 0.31348 0.77384 0.30762 0.77095 0.28516 0.76806 0.29102 0.76373 0.30664 0.75939 0.31250 0.76373 0.31592 0.75289 0.32129 0.74928 0.32031 0.75361 0.32275 0.76879 0.32520 0.77818 0.32861 0.76879 0.32764 0.75289 0.34033 0.75145 0.35156 0.76228 0.35791 0.77890 0.35889 0.78757 0.35791 0.79769 0.35693 0.81792 0.35938 0.83598 0.36963 0.83815 0.36572 0.84971 0.35596 0.88006 0.35498 0.88728 0.34863 0.91691
0 0.10938 0.99350 0.09082 0.99205 0.07959 0.99133 0.08789 0.98049 0.09277 0.96604 0.09326 0.95520 0.09277 0.95159 0.08496 0.93858 0.07666 0.96098 0.06982 0.94653 0.06689 0.92486 0.06348 0.91546 0.07129 0.91257 0.06982 0.90029 0.06055 0.86344 0.06396 0.84104 0.06006 0.81792 0.06494 0.80202 0.04883 0.77384 0.06885 0.77601 0.06494 0.75578 0.05615 0.71965 0.05518 0.71243 0.05762 0.70448 0.04590 0.71026 0.04102 0.68858 0.04883 0.69725 0.03711 0.68569 0.03467 0.68786 0.02930 0.67991 0.05762 0.67847 0.05762 0.69581 0.06738 0.68569 0.06055 0.66980 0.06104 0.65896 0.06396 0.64162 0.06445 0.62645 0.06885 0.64017 0.08496 0.65968 0.14746 0.69003 0.16650 0.67919 0.17041 0.64884 0.17529 0.64740 0.17334 0.67052 0.17627 0.69798 0.18701 0.72688 0.20801 0.73627 0.21826 0.74711 0.22705 0.75867 0.22510 0.79046 0.21631 0.78035 0.20850 0.80636 0.20459 0.80202 0.20264 0.84104 0.21045 0.85838 0.20215 0.86922 0.19141 0.86488 0.17627 0.87572 0.16943 0.90173 0.18262 0.91402 0.18994 0.93208 0.18311 0.96532 0.16504 0.97327 0.15771 0.98410 0.14453 0.99205 0.12744 0.98844 0.11523 0.97471 0.11230 0.98194
0 0.12988 0.27673 0.10938 0.25506 0.09082 0.24205 0.06250 0.22471 0.03516 0.21604 0.02539 0.21749 0.00977 0.24205 0.01221 0.22399 0.00439 0.21098 0.00488 0.20014 0.00635 0.19075 0.00342 0.14884 0.00586 0.13367 0.00879 0.11922 0.00342 0.10694 0.00928 0.08671 0.01611 0.08526 0.02588 0.06647 0.03857 0.04335 0.04102 0.04118 0.02539 0.03396 0.03027 0.01806 0.04395 0.01806 0.05371 0.02095 0.04199 0.01373 0.05469 0.00506 0.06494 0.02023 0.05957 0.00650 0.06885 0.00867 0.08105 0.00361 0.09375 0.00795 0.10449 0.02384 0.11475 0.02457 0.10303 0.06647 0.10547 0.09032 0.10791 0.07948 0.12012 0.06431 0.13086 0.05853 0.14551 0.04841 0.14648 0.04263 0.15674 0.05058 0.15918 0.04986 0.16357 0.06069 0.16260 0.07081 0.16406 0.06864 0.17578 0.05708 0.18848 0.05419 0.20508 0.05708 0.21777 0.04841 0.22607 0.04191 0.22607 0.05347 0.23389 0.04624 0.23877 0.04046 0.23877 0.05491 0.24609 0.07442 0.24658 0.09682 0.25244 0.11850 0.25928 0.12861 0.25195 0.14523 0.25000 0.13512 0.22266 0.11777 0.20996 0.12355 0.20166 0.12139 0.19678 0.14740 0.18604 0.17052 0.17236 0.20087 0.16357 0.21821 0.14062 0.25650 0.13428 0.26734
0 0.34863 0.15824 0.33496 0.15824 0.32812 0.15246 0.32422 0.14379 0.32129 0.14523 0.31885 0.14306 0.32568 0.13584 0.32422 0.12934 0.31982 0.12861 0.32275 0.12428 0.32080 0.11416 0.32275 0.10694 0.32422 0.10477 0.32861 0.10549 0.32422 0.10332 0.32373 0.09971 0.32812 0.09610 0.33789 0.10332 0.33936 0.09827 0.33936 0.09393 0.33545 0.08960 0.33838 0.08671 0.33838 0.08382 0.33594 0.08454 0.33496 0.08743 0.33301 0.08020 0.32861 0.07948 0.33008 0.07442 0.33301 0.07731 0.33643 0.07514 0.33105 0.06720 0.32764 0.06647 0.32959 0.06358 0.32666 0.05925 0.33203 0.05275 0.33398 0.05275 0.33691 0.05708 0.34082 0.05419 0.34473 0.05708 0.34766 0.05275 0.35254 0.05419 0.35547 0.05130 0.35938 0.05997 0.36230 0.05997 0.36865 0.06647 0.36475 0.07081 0.36768 0.07370 0.36719 0.07587 0.36133 0.07587 0.35840 0.07153 0.35303 0.07948 0.35400 0.09104 0.35205 0.09827 0.35400 0.12139 0.35693 0.12428 0.35693 0.13295 0.35986 0.13295 0.35986 0.12428 0.36230 0.12211 0.36621 0.12211 0.36865 0.12861 0.36279 0.14740 0.35547 0.15101 0.34863 0.15824
0 0.86328 0.26806 0.86182 0.25578 0.85498 0.25867 0.84473 0.25795 0.82666 0.24422 0.81982 0.23699 0.81787 0.20231 0.81592 0.18353 0.81641 0.16835 0.82861 0.15462 0.83545 0.14017 0.83350 0.11994 0.83789 0.11344 0.82666 0.11272 0.84180 0.10621 0.84424 0.10260 0.82422 0.09899 0.81885 0.10838 0.81934 0.11488 0.81201 0.11272 0.81055 0.09754 0.80518 0.10260 0.79150 0.10549 0.79736 0.08960 0.80859 0.07731 0.81982 0.07514 0.82617 0.09465 0.82715 0.07298 0.81494 0.06214 0.80127 0.03179 0.79053 0.02023 0.79102 0.00361 0.81982 0.01012 0.83496 0.01228 0.84082 0.02529 0.84814 0.04046 0.84766 0.04697 0.84863 0.05708 0.86377 0.05202 0.87744 0.06647 0.86719 0.06431 0.85791 0.06647 0.87354 0.07803 0.86768 0.08960 0.86963 0.10549 0.86816 0.11344 0.85889 0.10549 0.85791 0.10838 0.85010 0.11705 0.85693 0.12428 0.86377 0.12139 0.86377 0.13295 0.87500 0.14090 0.88037 0.14740 0.87354 0.16329 0.87744 0.18208 0.87549 0.19364 0.87646 0.20954 0.87842 0.22110 0.87500 0.23772 0.86182 0.23266 0.85400 0.23988 0.86621 0.23916 0.86621 0.25072
0 0.62598 0.26806 0.62061 0.26301 0.61914 0.25650 0.61719 0.26228 0.60938 0.26228 0.60693 0.26012 0.61084 0.25578 0.60986 0.24711 0.60791 0.24566 0.60693 0.23266 0.60205 0.22832 0.60254 0.22327 0.59668 0.22038 0.59131 0.22110 0.59277 0.21604 0.59668 0.21604 0.59766 0.21893 0.59961 0.21893 0.60596 0.20954 0.60400 0.20520 0.60693 0.20231 0.60156 0.19725 0.59570 0.19870 0.59375 0.19292 0.58887 0.19292 0.58789 0.18858 0.58398 0.19147 0.58350 0.18931 0.58740 0.18642 0.58252 0.18208 0.58838 0.18208 0.58936 0.17341 0.58643 0.17052 0.59521 0.15896 0.59521 0.15029 0.60303 0.14451 0.60156 0.14234 0.59961 0.14523 0.59814 0.14451 0.59814 0.13584 0.60840 0.13512 0.61230 0.13801 0.61279 0.13439 0.60986 0.13150 0.61230 0.12934 0.61523 0.13223 0.61572 0.12861 0.61914 0.12645 0.63184 0.12789 0.62939 0.13150 0.63037 0.13584 0.64111 0.14162 0.63965 0.14668 0.63672 0.14523 0.63330 0.14740 0.63477 0.15246 0.63867 0.15246 0.64014 0.15462 0.64014 0.16329 0.64795 0.17486 0.64355 0.17413 0.64258 0.17702 0.63965 0.17702 0.63818 0.17486 0.63916 0.17052 0.63672 0.16691 0.63330 0.17052 0.63428 0.17486 0.63037 0.18208 0.63135 0.18642 0.62939 0.18931 0.62939 0.19798 0.63281 0.19725 0.63379 0.20159 0.63721 0.20231 0.63525 0.20376 0.63525 0.21387 0.63916 0.21532 0.64111 0.22110 0.63818 0.22543 0.64209 0.22832 0.63916 0.23121 0.64111 0.23699 0.63672 0.23916 0.63184 0.23916 0.62988 0.23483 0.62598 0.23627 0.62598 0.23194 0.62158 0.23410 0.62061 0.24133 0.62207 0.24350 0.62793 0.24205 0.63428 0.25145 0.63379 0.25361 0.62744 0.25578 0.62988 0.25650 0.63135 0.26156 0.62793 0.26373 0.62598 0.26806
