0 0.90430 0.31431 0.88770 0.31286 0.87988 0.30997 0.87451 0.30347 0.87061 0.29480 0.86279 0.26879 0.86182 0.24422 0.87061 0.21821 0.87451 0.19653 0.88721 0.16763 0.88818 0.16185 0.90039 0.14234 0.91113 0.13078 0.91992 0.12500 0.93359 0.12211 0.93945 0.11777 0.95020 0.11777 0.96094 0.12355 0.97070 0.13078 0.97412 0.13584 0.97607 0.14306 0.97510 0.16474 0.97803 0.17630 0.97803 0.20087 0.97314 0.20954 0.97021 0.22254 0.95654 0.24277 0.93408 0.29769 0.92480 0.30708 0.90430 0.31431
0 0.88672 0.59176 0.87500 0.59176 0.86426 0.58887 0.86133 0.58598 0.85156 0.58743 0.84375 0.58309 0.83057 0.56214 0.81982 0.52890 0.80615 0.47832 0.79932 0.43642 0.81641 0.40824 0.82227 0.40535 0.82715 0.39957 0.84082 0.39668 0.87793 0.41113 0.88623 0.42052 0.89307 0.44075 0.90186 0.47399 0.90186 0.48844 0.90479 0.50578 0.90576 0.52457 0.91162 0.54769 0.91162 0.55491 0.90674 0.56792 0.90186 0.57514 0.88672 0.59176
0 0.99902 0.50795 0.99414 0.50939 0.99023 0.50506 0.98730 0.50506 0.95996 0.48772 0.94824 0.47760 0.93701 0.45665 0.93115 0.42919 0.93213 0.41185 0.93896 0.39017 0.94629 0.37645 0.95410 0.37066 0.96289 0.36777 0.99023 0.36922 0.99512 0.36633 0.99902 0.37211
0 0.99902 0.58165 0.99756 0.58237 0.99561 0.59538 0.99219 0.60043 0.98633 0.60188 0.96289 0.60043 0.95508 0.59465 0.94873 0.58526 0.93799 0.56069 0.92627 0.54335 0.91943 0.52601 0.91846 0.51734 0.91553 0.51012 0.91553 0.50434 0.90771 0.47977 0.90674 0.46821 0.90381 0.46387 0.90381 0.45954 0.89990 0.44798 0.89990 0.43642 0.89600 0.42919 0.89502 0.42052 0.89844 0.41691 0.90527 0.41691 0.91309 0.42413 0.92773 0.42847 0.93311 0.44653 0.93506 0.44798 0.93506 0.45231 0.94727 0.47760 0.96973 0.49494 0.98047 0.49928 0.99121 0.50795 0.99414 0.50795 0.99902 0.51373
0 0.86230 0.20882 0.83691 0.20448 0.82031 0.19292 0.79785 0.18280 0.79150 0.17486 0.78857 0.16618 0.77783 0.15173 0.77637 0.14668 0.76953 0.14523 0.75977 0.13656 0.74854 0.11850 0.75049 0.09249 0.75732 0.07514 0.76270 0.06864 0.76953 0.06575 0.78711 0.07876 0.79199 0.07876 0.80078 0.08309 0.81836 0.08309 0.82227 0.08165 0.82422 0.07731 0.82812 0.08020 0.83008 0.07731 0.83398 0.07731 0.83984 0.07298 0.85059 0.07298 0.86621 0.08309 0.88281 0.09754 0.88818 0.10549 0.89600 0.12861 0.89697 0.14451 0.89014 0.15896 0.88721 0.16185 0.88428 0.17197 0.86963 0.20376 0.86230 0.20882
0 0.80664 0.08020 0.78613 0.07587 0.78027 0.07298 0.76758 0.06142 0.74854 0.03035 0.74658 0.02457 0.74658 0.00578 0.74902 0.00217 0.89453 0.00217 0.89893 0.00578 0.89893 0.01879 0.89404 0.03324 0.89062 0.03829 0.87109 0.04841 0.86035 0.05997 0.85547 0.06142 0.84863 0.06864 0.83691 0.07153 0.82812 0.06720 0.82031 0.07442 0.81641 0.07442 0.80664 0.08020
0 0.76758 0.44725 0.75098 0.44725 0.74512 0.44436 0.73779 0.43497 0.73193 0.42197 0.72803 0.40462 0.72607 0.40173 0.72705 0.38295 0.74072 0.34104 0.74170 0.32514 0.74463 0.31647 0.76123 0.28613 0.76611 0.27168 0.77441 0.26084 0.78711 0.25361 0.79492 0.25361 0.81738 0.26228 0.82568 0.27168 0.83252 0.29480 0.83643 0.33237 0.83447 0.34538 0.82666 0.36705 0.81592 0.38728 0.79150 0.42341 0.79150 0.43064 0.78223 0.44003 0.76758 0.44725
0 0.84863 0.71893 0.83301 0.71604 0.80762 0.70303 0.79883 0.69581 0.78857 0.67919 0.78271 0.65896 0.78174 0.63728 0.79053 0.60983 0.79590 0.60188 0.81543 0.59321 0.83496 0.59176 0.84375 0.59176 0.86035 0.59754 0.88574 0.59754 0.90039 0.60910 0.91650 0.63295 0.92041 0.64451 0.91846 0.66185 0.91357 0.67919 0.90576 0.69075 0.90576 0.69364 0.90039 0.70303 0.89355 0.70737 0.88281 0.70882 0.87988 0.71171 0.86426 0.71749 0.84863 0.71893
0 0.79297 0.88945 0.78223 0.88945 0.77148 0.88512 0.76562 0.88078 0.75928 0.86994 0.75635 0.85838 0.75049 0.84971 0.74854 0.84104 0.74854 0.81069 0.75049 0.79335 0.75586 0.78540 0.76562 0.77818 0.77539 0.76373 0.79102 0.74639 0.81836 0.72760 0.82617 0.72471 0.84473 0.72471 0.84863 0.72760 0.87207 0.72616 0.88672 0.73627 0.88916 0.74422 0.89014 0.76590 0.88721 0.79480 0.88330 0.80636 0.87207 0.82153 0.86621 0.82587 0.86035 0.82587 0.84863 0.83887 0.82324 0.87934 0.79297 0.88945
0 0.91211 0.99783 0.89160 0.99783 0.87793 0.99494 0.80859 0.99783 0.78613 0.99494 0.78271 0.98988 0.77393 0.96098 0.77393 0.93353 0.77588 0.92919 0.77686 0.91763 0.78174 0.90318 0.78613 0.89812 0.79102 0.89957 0.80859 0.88945 0.81836 0.88801 0.83594 0.89379 0.84668 0.89379 0.85938 0.90824 0.87988 0.91835 0.88184 0.92269 0.88672 0.92558 0.89844 0.93858 0.90430 0.94292 0.90723 0.94147 0.91260 0.94942 0.92041 0.97254 0.92041 0.98266 0.91846 0.99133 0.91211 0.99783
0 0.75293 0.99783 0.66699 0.99783 0.66357 0.99422 0.66748 0.97399 0.67188 0.97182 0.67920 0.96098 0.68115 0.94942 0.68799 0.93353 0.69189 0.91908 0.70312 0.90101 0.71289 0.90101 0.71582 0.89812 0.73633 0.89379 0.74512 0.89668 0.75391 0.90390 0.76221 0.91329 0.76514 0.92197 0.76514 0.96387 0.75928 0.98988 0.75586 0.99639 0.75293 0.99783
0 0.71289 0.88945 0.69336 0.88801 0.67773 0.87789 0.67139 0.86416 0.66553 0.83815 0.66357 0.82081 0.66260 0.77890 0.65869 0.75723 0.65771 0.73555 0.65967 0.72543 0.66260 0.71965 0.66260 0.69653 0.66455 0.67919 0.66797 0.67124 0.67871 0.66402 0.68652 0.66402 0.70215 0.67269 0.71777 0.68858 0.72412 0.69798 0.72900 0.71098 0.73389 0.74277 0.74658 0.78613 0.74658 0.80347 0.74268 0.81647 0.74268 0.86127 0.74072 0.86850 0.73340 0.88078 0.72461 0.88656 0.71289 0.88945
0 0.71289 0.65968 0.70020 0.65968 0.68359 0.64957 0.67236 0.63584 0.66260 0.61272 0.66357 0.60116 0.66943 0.58382 0.67578 0.57442 0.68164 0.57153 0.68652 0.56575 0.69141 0.56286 0.70117 0.56286 0.70508 0.56864 0.70898 0.57009 0.71240 0.57803 0.71875 0.58598 0.72070 0.58598 0.72363 0.59176 0.74121 0.59176 0.74316 0.58887 0.74805 0.58743 0.74902 0.59032 0.75195 0.59032 0.76172 0.60188 0.77539 0.60910 0.77881 0.61705 0.77881 0.62572 0.77344 0.62789 0.76562 0.64090 0.75879 0.64668 0.73926 0.65390 0.71875 0.65679 0.71289 0.65968
0 0.71094 0.54697 0.70215 0.54118 0.69141 0.54118 0.68164 0.54697 0.66992 0.54552 0.66455 0.53757 0.66553 0.52890 0.66357 0.52601 0.66846 0.52168 0.66553 0.51734 0.66846 0.51445 0.66455 0.51012 0.66650 0.50578 0.66064 0.48988 0.66064 0.48121 0.66357 0.46243 0.66260 0.44942 0.66455 0.44509 0.66650 0.41618 0.66846 0.40896 0.66748 0.40462 0.67773 0.39234 0.68555 0.39090 0.68848 0.38801 0.69238 0.39090 0.69531 0.38945 0.69824 0.39234 0.70605 0.39379 0.72217 0.41763 0.72607 0.43353 0.72803 0.45231 0.73486 0.47832 0.73779 0.50867 0.73779 0.51879 0.73584 0.52601 0.73242 0.52962 0.71973 0.53396 0.71094 0.54697
0 0.70898 0.36777 0.66211 0.36055 0.63867 0.36055 0.62500 0.35766 0.60742 0.34899 0.59570 0.34032 0.58740 0.32948 0.58643 0.31792 0.57861 0.28902 0.57861 0.27312 0.59082 0.25217 0.60645 0.23627 0.61621 0.23194 0.62988 0.23049 0.65625 0.23338 0.69238 0.24494 0.71289 0.26228 0.72021 0.27168 0.72803 0.28902 0.73193 0.31792 0.73096 0.33382 0.72217 0.35549 0.71680 0.36344 0.70898 0.36777
0 0.74902 0.27529 0.72559 0.26951 0.69922 0.24205 0.69287 0.23266 0.69287 0.22832 0.68115 0.19798 0.67822 0.18642 0.67285 0.17991 0.66846 0.17775 0.66846 0.17486 0.67725 0.15896 0.68604 0.13584 0.68701 0.11127 0.68848 0.10621 0.70996 0.10332 0.71387 0.10621 0.72363 0.10766 0.73633 0.11633 0.74561 0.12717 0.74658 0.13584 0.76025 0.15318 0.77344 0.17702 0.78027 0.17702 0.78955 0.18642 0.79443 0.20087 0.79639 0.21243 0.79639 0.22110 0.79053 0.23844 0.78223 0.24928 0.77930 0.24783 0.77637 0.25217 0.77246 0.25361 0.76074 0.27240 0.74902 0.27529
0 0.64844 0.18858 0.63281 0.18858 0.61328 0.18280 0.60498 0.17197 0.59814 0.15173 0.59717 0.11127 0.60010 0.08815 0.59814 0.04769 0.60107 0.03324 0.60791 0.01879 0.60889 0.01301 0.61328 0.00650 0.62012 0.00361 0.66992 0.00361 0.68213 0.02023 0.68701 0.03035 0.68896 0.04046 0.68799 0.06936 0.68604 0.08092 0.68604 0.13295 0.66748 0.17486 0.65625 0.18569 0.64844 0.18858
0 0.57812 0.23338 0.56543 0.23338 0.54980 0.22182 0.53906 0.20882 0.52832 0.20014 0.52490 0.19364 0.52295 0.18497 0.51514 0.17052 0.51807 0.13150 0.52100 0.12139 0.53906 0.10043 0.54883 0.09465 0.55762 0.09176 0.56934 0.09176 0.57520 0.09610 0.58789 0.11199 0.59375 0.11488 0.59619 0.11850 0.59814 0.15462 0.60303 0.16908 0.61230 0.18280 0.61719 0.18569 0.62305 0.18569 0.62988 0.19147 0.63721 0.20231 0.63623 0.21532 0.63428 0.22110 0.62988 0.22616 0.61914 0.22471 0.60938 0.23049 0.58887 0.22905 0.57812 0.23338
0 0.60742 0.55275 0.58887 0.54841 0.57617 0.54118 0.56885 0.53035 0.56201 0.50867 0.56006 0.43208 0.56299 0.41040 0.56592 0.40607 0.56494 0.40029 0.56787 0.37861 0.57227 0.36922 0.58789 0.36777 0.59082 0.36488 0.60547 0.36488 0.61035 0.36777 0.62354 0.38728 0.63135 0.41185 0.63330 0.41329 0.63330 0.41908 0.63818 0.43208 0.63818 0.43786 0.64404 0.46243 0.64697 0.48266 0.64697 0.50145 0.64111 0.51879 0.63330 0.53468 0.62500 0.54552 0.61816 0.54986 0.60742 0.55275
0 0.55859 0.79552 0.52930 0.79263 0.52686 0.78613 0.51807 0.77312 0.51416 0.76012 0.51221 0.74133 0.51318 0.72977 0.51807 0.72110 0.52197 0.70376 0.52588 0.69942 0.52979 0.68786 0.54004 0.67847 0.54590 0.67847 0.54980 0.67558 0.55273 0.66980 0.56445 0.65968 0.58496 0.64957 0.59668 0.63945 0.62012 0.63801 0.62793 0.64090 0.63965 0.65101 0.64990 0.66763 0.65283 0.67630 0.65381 0.69798 0.65576 0.70809 0.65576 0.71532 0.65283 0.72254 0.63184 0.74639 0.60938 0.76228 0.59766 0.77529 0.58691 0.77673 0.58105 0.78396 0.57129 0.78829 0.56738 0.79263 0.55859 0.79552
0 0.45215 0.70448 0.44824 0.70448 0.43750 0.69725 0.43457 0.69725 0.42773 0.69003 0.41895 0.68569 0.41260 0.67486 0.41064 0.65896 0.41357 0.64884 0.41455 0.62428 0.42285 0.60910 0.43750 0.59754 0.45020 0.59610 0.45996 0.58887 0.46777 0.58743 0.47852 0.58020 0.49316 0.57876 0.50781 0.57153 0.51855 0.57442 0.53027 0.58887 0.53711 0.59465 0.54004 0.59465 0.54736 0.60405 0.55029 0.61272 0.55127 0.62428 0.54541 0.64017 0.54053 0.66185 0.54053 0.67197 0.53906 0.67413 0.53320 0.67558 0.51758 0.69003 0.48730 0.70159 0.45215 0.70448
0 0.44336 0.58887 0.43652 0.58598 0.42285 0.57442 0.41602 0.56575 0.41260 0.56069 0.40674 0.54191 0.40674 0.53613 0.41357 0.51590 0.42627 0.49133 0.43555 0.47760 0.44434 0.47038 0.44922 0.47038 0.47363 0.46026 0.48242 0.45882 0.48828 0.45448 0.49121 0.44870 0.49512 0.45014 0.49707 0.45448 0.50391 0.45303 0.50635 0.44364 0.51172 0.44003 0.51465 0.43280 0.51855 0.43136 0.53906 0.44725 0.54639 0.45809 0.55127 0.46965 0.55127 0.49277 0.54834 0.50578 0.53906 0.52529 0.53125 0.53251 0.52539 0.54263 0.51660 0.54841 0.51221 0.55491 0.51123 0.56069 0.50684 0.56864 0.50098 0.57153 0.49414 0.57009 0.47754 0.57876 0.44336 0.58887
0 0.50879 0.42991 0.48926 0.42991 0.47168 0.41835 0.46045 0.40173 0.45557 0.38584 0.45459 0.36994 0.45850 0.34682 0.46240 0.33671 0.46338 0.31647 0.47559 0.30564 0.48340 0.30275 0.49609 0.29263 0.50586 0.28829 0.50879 0.28251 0.51953 0.27095 0.53125 0.26517 0.54688 0.26228 0.56055 0.26517 0.56836 0.26951 0.57275 0.27746 0.57275 0.28179 0.58154 0.31069 0.58057 0.32659 0.57764 0.33815 0.57080 0.35116 0.56885 0.35983 0.55957 0.37500 0.53027 0.40679 0.51855 0.42413 0.50879 0.42991
0 0.42188 0.31142 0.41016 0.31142 0.39258 0.30419 0.38818 0.29769 0.38330 0.28468 0.37842 0.27890 0.37451 0.26301 0.37451 0.25434 0.38428 0.22543 0.39160 0.21749 0.39697 0.20665 0.40234 0.20014 0.41211 0.19436 0.42188 0.18425 0.43457 0.17702 0.44922 0.17413 0.45996 0.16835 0.47070 0.16691 0.47949 0.15968 0.48926 0.16113 0.51074 0.17269 0.51514 0.17919 0.52100 0.19653 0.52393 0.22399 0.52295 0.24277 0.51709 0.26879 0.51172 0.27673 0.50391 0.28251 0.49023 0.28829 0.48828 0.29118 0.47363 0.29552 0.47168 0.29841 0.46777 0.29841 0.45898 0.28974 0.45117 0.29118 0.44531 0.28540 0.44482 0.28757 0.44678 0.28902 0.44580 0.29480 0.44775 0.29624 0.44629 0.29986 0.43652 0.30708 0.42188 0.31142
0 0.44824 0.16691 0.43799 0.16618 0.43115 0.14595 0.42920 0.13006 0.42334 0.11994 0.42627 0.08960 0.42822 0.08237 0.42822 0.07225 0.43604 0.04624 0.43896 0.03324 0.43896 0.02601 0.44385 0.01301 0.45215 0.00361 0.45996 0.00217 0.51270 0.00217 0.52539 0.00650 0.52979 0.01590 0.52686 0.04624 0.51514 0.07948 0.51318 0.09104 0.50635 0.10983 0.50537 0.11850 0.49707 0.12789 0.48730 0.13078 0.48486 0.14017 0.47754 0.15390 0.46289 0.16113 0.45312 0.16402 0.44922 0.16257 0.44824 0.16691
0 0.43164 0.81431 0.42090 0.81286 0.39453 0.80275 0.38672 0.79697 0.35938 0.78829 0.35352 0.78396 0.33594 0.76228 0.32617 0.75361 0.32080 0.74422 0.33057 0.72688 0.33350 0.70665 0.33838 0.69075 0.34375 0.68280 0.35449 0.67413 0.37988 0.67269 0.40918 0.68425 0.43652 0.70448 0.44336 0.70592 0.45508 0.71460 0.46045 0.72254 0.46338 0.73266 0.46436 0.75000 0.46143 0.78179 0.45850 0.78902 0.44434 0.80708 0.43164 0.81431
0 0.42676 0.98916 0.40820 0.98772 0.39160 0.97905 0.37598 0.97905 0.37305 0.97471 0.36133 0.96893 0.35742 0.96315 0.34863 0.95592 0.33398 0.95448 0.33154 0.94942 0.33154 0.93642 0.32910 0.93858 0.32568 0.93786 0.32715 0.93425 0.33496 0.92991 0.34863 0.93136 0.37207 0.94003 0.38477 0.94147 0.39746 0.93136 0.41699 0.92558 0.42969 0.92413 0.44238 0.92702 0.44971 0.93642 0.44775 0.95809 0.44385 0.96821 0.43555 0.98049 0.42676 0.98916
0 0.27734 0.96460 0.26660 0.96315 0.26172 0.96026 0.24658 0.94509 0.24463 0.93353 0.24268 0.93064 0.24170 0.92052 0.24170 0.90029 0.24561 0.87717 0.25049 0.85549 0.25342 0.84971 0.26660 0.83165 0.27539 0.82298 0.29150 0.79913 0.29736 0.78324 0.29932 0.77312 0.30615 0.76445 0.30615 0.75867 0.31055 0.75506 0.30908 0.76156 0.31152 0.76228 0.31348 0.75939 0.31641 0.75939 0.31934 0.75361 0.32422 0.75361 0.34668 0.77673 0.35547 0.78829 0.36670 0.79480 0.36768 0.81503 0.36475 0.83092 0.35986 0.84538 0.34912 0.86127 0.33545 0.89595 0.32764 0.90751 0.32178 0.92486 0.31299 0.93931 0.29785 0.95882 0.27734 0.96460
0 0.26562 0.81575 0.25684 0.81575 0.24121 0.81142 0.22754 0.80419 0.22217 0.79624 0.21924 0.78035 0.21924 0.72399 0.22510 0.70376 0.23193 0.69509 0.23193 0.69220 0.23584 0.68642 0.23779 0.67486 0.24170 0.66763 0.24268 0.66040 0.24902 0.65101 0.25195 0.64957 0.25244 0.64595 0.25977 0.63512 0.26660 0.62934 0.27637 0.61633 0.30273 0.61777 0.31738 0.63223 0.32666 0.65029 0.32861 0.66040 0.32861 0.68208 0.32666 0.69509 0.32178 0.71387 0.30518 0.74855 0.30420 0.75578 0.29053 0.79624 0.27930 0.81286 0.27148 0.81286 0.26562 0.81575
0 0.37598 0.64523 0.35547 0.63367 0.34082 0.61488 0.30957 0.58887 0.30127 0.57514 0.29150 0.54191 0.29248 0.51445 0.29443 0.51012 0.29639 0.49422 0.29980 0.48916 0.32227 0.47905 0.34570 0.48049 0.36133 0.48916 0.40186 0.53902 0.41553 0.57948 0.41748 0.58960 0.41650 0.61127 0.40967 0.62572 0.41064 0.62861 0.40723 0.63801 0.40332 0.63801 0.40039 0.64090 0.38965 0.63945 0.37598 0.64523
0 0.35254 0.47905 0.32324 0.47471 0.31396 0.45809 0.30518 0.42486 0.30518 0.39740 0.30811 0.37572 0.30615 0.36127 0.30615 0.34393 0.31006 0.32948 0.31299 0.30636 0.31689 0.29769 0.31885 0.28613 0.32520 0.27673 0.36328 0.26951 0.37207 0.27673 0.37842 0.28613 0.38916 0.30925 0.39111 0.32948 0.39111 0.34827 0.38916 0.35838 0.38916 0.38873 0.39307 0.41040 0.39307 0.42197 0.38818 0.44075 0.37402 0.46460 0.35254 0.47905
0 0.34863 0.26806 0.33398 0.26806 0.33105 0.26228 0.31445 0.25361 0.30322 0.24277 0.30029 0.22543 0.30713 0.19653 0.30908 0.18208 0.30908 0.16329 0.31787 0.13150 0.32178 0.12283 0.32275 0.11561 0.33154 0.08960 0.33594 0.08165 0.34473 0.07298 0.37012 0.06720 0.37793 0.06864 0.38770 0.07587 0.39307 0.08382 0.40381 0.12139 0.39404 0.14884 0.39404 0.17052 0.39209 0.18064 0.39307 0.18642 0.39209 0.19075 0.38916 0.19364 0.38135 0.22977 0.36230 0.26228 0.35449 0.26373 0.34863 0.26806
0 0.38330 0.00000 0.38477 0.00217 0.42773 0.00361 0.43799 0.01734 0.43604 0.03613 0.42773 0.04986 0.42090 0.04986 0.41602 0.05275 0.41162 0.05780 0.40723 0.06864 0.39355 0.07876 0.38184 0.06864 0.37305 0.06431 0.36816 0.06431 0.36328 0.05997 0.35156 0.04263 0.32910 0.02240 0.31982 0.01012 0.32129 0.00361 0.35938 0.00217 0.36084 0.00000
0 0.27441 0.21026 0.26465 0.21026 0.25586 0.20303 0.23486 0.17486 0.23096 0.15896 0.23096 0.14595 0.23584 0.10694 0.23193 0.09249 0.23193 0.05491 0.23389 0.03902 0.24219 0.02384 0.26270 0.01373 0.27539 0.01517 0.28613 0.02384 0.29736 0.03902 0.30615 0.07225 0.30615 0.09104 0.30908 0.10983 0.30908 0.13150 0.30713 0.14017 0.30713 0.15173 0.30420 0.17052 0.29834 0.19075 0.29395 0.19870 0.28516 0.20737 0.27441 0.21026
0 0.21582 0.43136 0.19727 0.43136 0.18555 0.42702 0.17969 0.42269 0.17188 0.41257 0.16797 0.41257 0.16553 0.39740 0.16113 0.39668 0.15869 0.39017 0.15918 0.38512 0.16406 0.38512 0.16553 0.38295 0.16553 0.37428 0.16357 0.37139 0.16650 0.36850 0.16650 0.35838 0.17529 0.34682 0.17773 0.33887 0.19287 0.32081 0.19482 0.31214 0.20605 0.29986 0.20850 0.29335 0.21826 0.28035 0.22949 0.25217 0.23926 0.24639 0.25488 0.24350 0.26270 0.24350 0.26855 0.24639 0.27051 0.25072 0.28369 0.26445 0.28271 0.26734 0.28662 0.27457 0.28369 0.28035 0.28613 0.28685 0.28955 0.28613 0.28955 0.29046 0.28516 0.29118 0.28223 0.29552 0.27881 0.29335 0.28076 0.29624 0.28076 0.30058 0.27783 0.30780 0.27783 0.31358 0.26807 0.32659 0.26904 0.33237 0.26514 0.33960 0.26709 0.34249 0.26709 0.34682 0.26416 0.35983 0.25537 0.38150 0.25146 0.40029 0.24365 0.41040 0.24365 0.41329 0.24023 0.41835 0.23047 0.42124 0.22754 0.42558 0.21582 0.43136
0 0.18262 0.70159 0.16699 0.68425 0.15527 0.67558 0.14404 0.66185 0.13428 0.63439 0.13428 0.62139 0.13721 0.60983 0.14941 0.58743 0.16797 0.56720 0.17871 0.56142 0.19336 0.54697 0.20703 0.53829 0.21582 0.52673 0.23145 0.51517 0.24609 0.50795 0.25488 0.50939 0.27344 0.53251 0.27539 0.53251 0.28760 0.55347 0.29053 0.56647 0.29053 0.57948 0.28857 0.58671 0.27002 0.62283 0.24902 0.64523 0.23682 0.66474 0.23682 0.66763 0.22949 0.67702 0.22656 0.67991 0.22363 0.67847 0.21387 0.68714 0.20605 0.69003 0.20117 0.69436 0.18262 0.70159
0 0.15820 0.80130 0.13770 0.79986 0.11914 0.79118 0.09082 0.75795 0.06885 0.74133 0.05615 0.71532 0.05420 0.69798 0.05420 0.68497 0.05713 0.66185 0.06006 0.64884 0.06543 0.64090 0.08496 0.62645 0.09473 0.62355 0.10254 0.62500 0.12598 0.64379 0.13135 0.65607 0.15039 0.67702 0.15479 0.68353 0.15527 0.68714 0.16797 0.69581 0.17627 0.70665 0.18506 0.72832 0.18311 0.75867 0.17920 0.77312 0.17236 0.78613 0.16406 0.79697 0.15820 0.80130
0 0.05957 0.95014 0.04883 0.94870 0.03809 0.94292 0.02148 0.92702 0.01416 0.91329 0.01123 0.89884 0.01025 0.88006 0.01318 0.86850 0.03369 0.82948 0.03906 0.82298 0.05469 0.80997 0.05957 0.80853 0.07227 0.80853 0.07715 0.81142 0.08301 0.81142 0.09180 0.80708 0.12109 0.79986 0.15527 0.81286 0.16650 0.82803 0.17041 0.84538 0.16943 0.86994 0.16748 0.87861 0.16650 0.89884 0.16016 0.90824 0.12891 0.92702 0.11914 0.92847 0.10938 0.93425 0.10547 0.93280 0.08984 0.94003 0.07812 0.94147 0.06836 0.94870 0.05957 0.95014
0 0.22363 0.99783 0.18457 0.99783 0.16699 0.99350 0.15723 0.99494 0.14697 0.98844 0.14502 0.98121 0.14600 0.94942 0.15771 0.92919 0.16064 0.91763 0.15967 0.91474 0.17188 0.89090 0.20312 0.89812 0.20996 0.90246 0.21436 0.91040 0.22412 0.94075 0.22412 0.94653 0.22900 0.96243 0.22900 0.98266 0.22607 0.99566 0.22363 0.99783
0 0.13965 0.59465 0.12012 0.59321 0.10645 0.58743 0.09668 0.58020 0.09033 0.56936 0.08545 0.55491 0.08545 0.54335 0.08740 0.53324 0.10107 0.50145 0.11523 0.49061 0.13965 0.46171 0.14941 0.45448 0.16797 0.45014 0.17676 0.44292 0.18848 0.44292 0.19922 0.44870 0.20312 0.45448 0.20996 0.45882 0.21338 0.46387 0.21826 0.48555 0.21338 0.52601 0.20605 0.53540 0.18848 0.55130 0.16602 0.56720 0.14355 0.59321 0.13965 0.59465
0 0.13672 0.37211 0.10840 0.36633 0.10156 0.36055 0.09863 0.36055 0.08252 0.33237 0.08154 0.31792 0.08350 0.30925 0.08936 0.29624 0.09619 0.29046 0.10205 0.27601 0.10303 0.26156 0.10498 0.25578 0.10938 0.24928 0.12012 0.24061 0.12891 0.22760 0.13867 0.22471 0.14746 0.21749 0.15088 0.20954 0.15967 0.19798 0.16260 0.18786 0.16797 0.17847 0.17480 0.17413 0.18555 0.17413 0.19629 0.17847 0.21191 0.19292 0.22119 0.20954 0.22314 0.22110 0.22314 0.24277 0.22607 0.25434 0.22510 0.25867 0.21924 0.27457 0.21289 0.28540 0.20312 0.29408 0.20117 0.29841 0.19336 0.30275 0.18262 0.31431 0.17529 0.32514 0.17188 0.33598 0.16211 0.34176 0.15771 0.34827 0.15674 0.35694 0.15430 0.36199 0.15039 0.36199 0.14551 0.36777 0.13672 0.37211
0 0.12598 0.22471 0.11133 0.22327 0.10645 0.22038 0.09717 0.20665 0.08643 0.18208 0.08350 0.17486 0.08350 0.15896 0.08936 0.14017 0.10254 0.12066 0.11475 0.11127 0.11768 0.10260 0.13135 0.08237 0.13330 0.07803 0.13330 0.07081 0.14014 0.05925 0.14746 0.05275 0.15332 0.04263 0.15527 0.04263 0.16016 0.03540 0.17090 0.02673 0.18555 0.02240 0.19531 0.02240 0.20801 0.03107 0.22705 0.05491 0.23193 0.06647 0.22803 0.09104 0.21240 0.11705 0.20850 0.12717 0.19238 0.14957 0.18652 0.15679 0.17041 0.16908 0.16846 0.17486 0.15967 0.18642 0.15771 0.19509 0.14941 0.20882 0.13477 0.22182 0.12598 0.22471
0 0.00000 0.00361 0.00488 0.00072 0.04980 0.00361 0.10449 0.00361 0.11523 0.01517 0.12256 0.02746 0.12744 0.04335 0.12744 0.05202 0.12061 0.07370 0.11963 0.08237 0.11230 0.09321 0.10840 0.09465 0.10059 0.08887 0.09668 0.09032 0.08496 0.10188 0.07031 0.10477 0.05762 0.09754 0.04297 0.08020 0.03418 0.06575 0.02832 0.06286 0.01758 0.04841 0.01074 0.04552 0.00830 0.04191 0.00635 0.03179 0.00000 0.02240
0 0.00000 0.21893 0.00146 0.21821 0.00244 0.20809 0.01172 0.19870 0.01367 0.19292 0.01953 0.19147 0.02246 0.18714 0.03418 0.17991 0.04785 0.17847 0.05566 0.17124 0.06348 0.16980 0.07324 0.17269 0.07666 0.17630 0.08252 0.19364 0.09033 0.20809 0.10107 0.22254 0.10303 0.22832 0.09912 0.25145 0.09277 0.25650 0.08594 0.26806 0.08252 0.27023 0.08252 0.27312 0.08057 0.27457 0.08154 0.28179 0.07715 0.28829 0.05762 0.30708 0.04980 0.30708 0.04785 0.30419 0.04492 0.30419 0.04297 0.30708 0.04248 0.30202 0.03906 0.29841 0.03418 0.30275 0.03027 0.30275 0.02930 0.30564 0.02539 0.30419 0.02246 0.30853 0.01367 0.31431 0.00391 0.31431 0.00146 0.30780 0.00146 0.22832 0.00000 0.22760
0 0.00000 0.35766 0.00146 0.35694 0.00244 0.34682 0.00146 0.33092 0.00391 0.32587 0.02051 0.32876 0.02539 0.33165 0.05078 0.32009 0.06055 0.32153 0.07471 0.33960 0.07861 0.34971 0.07861 0.37283 0.08057 0.38295 0.08252 0.38584 0.08252 0.40318 0.07422 0.41402 0.06543 0.41691 0.05371 0.42702 0.02539 0.43280 0.00391 0.43136 0.00146 0.42919 0.00244 0.37861 0.00146 0.37139 0.00000 0.37066
0 0.00488 0.20303 0.00293 0.20303 0.00146 0.19942 0.00146 0.09538 0.00391 0.09032 0.01758 0.09465 0.02637 0.10188 0.03857 0.11705 0.04053 0.12428 0.03955 0.14017 0.02979 0.16474 0.02588 0.17919 0.01855 0.18858 0.01074 0.19292 0.00488 0.20303
0 0.40527 0.53540 0.39648 0.52962 0.39453 0.52384 0.38818 0.52023 0.38818 0.51734 0.38232 0.51012 0.38135 0.49711 0.37988 0.49494 0.37549 0.49422 0.37842 0.49566 0.37842 0.50145 0.37598 0.50217 0.37012 0.49350 0.36328 0.49061 0.36084 0.47977 0.36914 0.47471 0.37402 0.47616 0.37451 0.46532 0.37891 0.46171 0.38770 0.46171 0.39160 0.46893 0.39502 0.46821 0.39111 0.46532 0.39014 0.45954 0.38721 0.45520 0.38721 0.44942 0.38330 0.44509 0.38428 0.43931 0.38232 0.43642 0.38672 0.43136 0.39062 0.43280 0.39502 0.42486 0.39404 0.41763 0.38818 0.40896 0.39404 0.40607 0.39600 0.39017 0.39795 0.38584 0.39209 0.38295 0.39600 0.37861 0.39600 0.37428 0.39795 0.37139 0.39648 0.36922 0.39355 0.37211 0.39014 0.36705 0.39404 0.35983 0.39111 0.35694 0.39111 0.34682 0.38818 0.34393 0.39307 0.33671 0.39209 0.33237 0.39600 0.32803 0.39209 0.32081 0.39502 0.31358 0.39307 0.30925 0.39746 0.30997 0.39844 0.30708 0.40039 0.30708 0.40479 0.31358 0.40283 0.31936 0.40430 0.32298 0.41504 0.32153 0.41797 0.32587 0.41992 0.32298 0.42969 0.32298 0.43164 0.31864 0.43555 0.32009 0.43994 0.32514 0.43701 0.32803 0.43848 0.33454 0.42871 0.33020 0.42480 0.33165 0.42090 0.32587 0.41943 0.32803 0.41943 0.33526 0.42285 0.33743 0.42480 0.34176 0.42773 0.33743 0.44336 0.33887 0.44336 0.34176 0.43896 0.34393 0.44043 0.34754 0.44385 0.34971 0.44434 0.35332 0.44727 0.35332 0.45410 0.34610 0.45605 0.33743 0.46045 0.34249 0.46045 0.34538 0.45459 0.35116 0.45264 0.38295 0.45752 0.40029 0.46729 0.41618 0.46680 0.41980 0.46094 0.41980 0.45996 0.42558 0.45605 0.41835 0.45166 0.42052 0.45166 0.42775 0.45410 0.43136 0.45801 0.43136 0.46338 0.44364 0.45898 0.44436 0.45312 0.43858 0.45068 0.44075 0.45752 0.44798 0.45557 0.45231 0.45947 0.45665 0.45508 0.45882 0.45215 0.46315 0.44141 0.46604 0.43164 0.47471 0.43408 0.47832 0.41650 0.50578 0.41846 0.51445 0.41357 0.51445 0.40967 0.52457 0.41162 0.52890 0.40820 0.52818 0.40527 0.53540
0 0.93848 0.94725 0.93359 0.93425 0.92285 0.93136 0.90479 0.90318 0.88281 0.88367 0.86865 0.87428 0.87061 0.85260 0.87256 0.83237 0.87842 0.82370 0.88330 0.80636 0.89209 0.79191 0.88428 0.72688 0.89746 0.71171 0.90967 0.68786 0.91748 0.66763 0.92041 0.64740 0.91846 0.63295 0.90137 0.60766 0.89893 0.58382 0.90771 0.57225 0.91797 0.55130 0.92627 0.55636 0.93457 0.55997 0.94775 0.58382 0.96777 0.60477 0.97656 0.60477 0.98193 0.62139 0.99463 0.63295 0.99365 0.66474 0.99268 0.67775 0.99170 0.69075 0.98438 0.70303 0.97754 0.70592 0.97266 0.70882 0.96289 0.69725 0.96387 0.71315 0.94775 0.71821 0.95459 0.72110 0.95459 0.72977 0.95557 0.74277 0.96191 0.74205 0.97705 0.74855 0.98145 0.75217 0.99121 0.75361 0.99561 0.76012 0.99561 0.78757 0.99658 0.79769 0.98584 0.79480 0.99658 0.80202 0.99170 0.81503 0.98779 0.82659 0.99072 0.83671 0.98828 0.84032 0.99561 0.85405 0.99561 0.86705 0.99561 0.88295 0.98340 0.88367 0.98145 0.88078 0.98242 0.87066 0.97803 0.88006 0.96240 0.89162 0.97070 0.89234 0.98047 0.89090 0.98730 0.88945 0.98730 0.90101 0.97900 0.91185 0.97070 0.91402 0.96533 0.92197 0.95605 0.93425 0.94922 0.92847 0.94043 0.92702 0.93701 0.94220
0 0.56055 0.94870 0.56006 0.94220 0.54297 0.93858 0.53223 0.93858 0.52148 0.94147 0.50879 0.94581 0.50293 0.94725 0.49121 0.94581 0.48438 0.94436 0.46973 0.94147 0.45703 0.93280 0.44873 0.92486 0.45020 0.91546 0.44824 0.91402 0.45312 0.91113 0.45557 0.90462 0.45459 0.89595 0.45264 0.88728 0.44873 0.87283 0.44922 0.85766 0.45166 0.85260 0.45361 0.84827 0.45361 0.83382 0.45459 0.81792 0.45605 0.81286 0.45996 0.82009 0.47559 0.81286 0.48047 0.80997 0.48828 0.80419 0.49805 0.79697 0.51270 0.79263 0.52051 0.79697 0.52539 0.79697 0.53223 0.80853 0.53369 0.80347 0.54297 0.79697 0.54688 0.80708 0.55273 0.80997 0.56250 0.80130 0.56494 0.80780 0.56494 0.81358 0.56006 0.82081 0.56592 0.82948 0.56738 0.83454 0.57080 0.82659 0.56787 0.81647 0.57129 0.79408 0.58594 0.79118 0.59473 0.79263 0.60156 0.79841 0.59863 0.80853 0.59082 0.81720 0.58643 0.82659 0.58496 0.83309 0.58057 0.84104 0.57373 0.85260 0.57080 0.86416 0.57129 0.87066 0.56299 0.87139 0.56934 0.87500 0.57471 0.87717 0.56445 0.87934 0.56299 0.89451 0.55811 0.90751 0.56006 0.91618 0.56299 0.93064 0.56592 0.93931 0.56738 0.94725 0.56250 0.94292
0 0.22363 0.87645 0.22119 0.87139 0.22119 0.86416 0.22559 0.86199 0.22754 0.86488 0.22607 0.85983 0.22900 0.85694 0.22656 0.85332 0.22363 0.85766 0.22217 0.85694 0.22217 0.85405 0.22412 0.85260 0.21729 0.84538 0.22217 0.84249 0.22119 0.83382 0.22314 0.82948 0.21973 0.82442 0.21777 0.82731 0.21533 0.82659 0.21533 0.82225 0.22119 0.81358 0.22119 0.80636 0.21924 0.80058 0.22266 0.79697 0.22705 0.79913 0.22656 0.80708 0.23535 0.80997 0.23828 0.80564 0.23877 0.81069 0.24316 0.81286 0.24609 0.81720 0.24902 0.81720 0.25098 0.81286 0.25830 0.81936 0.25098 0.82153 0.24902 0.81864 0.24609 0.81864 0.24414 0.82731 0.24219 0.82442 0.24072 0.82514 0.24268 0.82948 0.23877 0.83382 0.23975 0.84249 0.24170 0.84538 0.23682 0.85260 0.23779 0.85838 0.23633 0.85910 0.23584 0.85549 0.23340 0.85477 0.23193 0.85694 0.23584 0.85983 0.23389 0.86705 0.23145 0.87066 0.22656 0.87066 0.22363 0.87645
0 0.01855 0.84754 0.01709 0.84538 0.02100 0.84104 0.02002 0.83815 0.01562 0.83454 0.01074 0.83454 0.01025 0.83237 0.01562 0.83309 0.01709 0.82803 0.02002 0.82514 0.01855 0.82298 0.01660 0.82731 0.01074 0.82876 0.00928 0.82659 0.01025 0.82225 0.00244 0.81503 0.00342 0.79913 0.00146 0.79191 0.00146 0.78324 0.00342 0.77312 0.00244 0.74855 0.00342 0.73988 0.00146 0.73699 0.00342 0.73410 0.00244 0.70954 0.00781 0.70448 0.01562 0.70159 0.01855 0.70303 0.02344 0.70014 0.02832 0.69581 0.03125 0.69003 0.04297 0.68425 0.04834 0.69364 0.05029 0.70231 0.04932 0.70665 0.05273 0.71749 0.05615 0.70954 0.05518 0.69942 0.05664 0.69581 0.05908 0.69653 0.06104 0.70809 0.05908 0.71821 0.06104 0.72254 0.06104 0.72832 0.06396 0.72977 0.06494 0.73699 0.06494 0.74566 0.06201 0.75434 0.06396 0.76156 0.06201 0.76301 0.06201 0.77601 0.06006 0.77746 0.06104 0.78468 0.05713 0.79769 0.05811 0.80491 0.05664 0.80708 0.05273 0.80564 0.04688 0.81575 0.03711 0.82009 0.02979 0.82948 0.03076 0.83382 0.02637 0.83743 0.02539 0.84176 0.01855 0.84754
0 0.09180 0.59176 0.08398 0.58165 0.07324 0.58743 0.06104 0.56792 0.06836 0.56575 0.05859 0.56286 0.06934 0.55419 0.05762 0.54552 0.04297 0.55419 0.03467 0.55636 0.03809 0.54697 0.03613 0.53685 0.04590 0.53829 0.05908 0.53324 0.04688 0.52818 0.04980 0.52095 0.05225 0.51734 0.04834 0.50289 0.03857 0.48266 0.04590 0.46893 0.03857 0.47110 0.04443 0.45954 0.05371 0.44725 0.06494 0.44798 0.06641 0.42413 0.07275 0.42197 0.08154 0.42052 0.07080 0.41329 0.07666 0.40607 0.07666 0.39017 0.08252 0.38873 0.08252 0.40462 0.09180 0.40535 0.10059 0.40390 0.10742 0.40968 0.10986 0.40029 0.11572 0.38295 0.12598 0.39234 0.12744 0.40462 0.12646 0.42486 0.12744 0.43497 0.13428 0.44653 0.11816 0.45448 0.10742 0.45737 0.10693 0.46676 0.09424 0.47688 0.10107 0.48410 0.10400 0.48699 0.11523 0.48049 0.11572 0.46387 0.12207 0.46171 0.13281 0.44870 0.14062 0.44147 0.14600 0.43208 0.13574 0.42269 0.14062 0.41835 0.14844 0.41113 0.15723 0.41257 0.14893 0.42052 0.15381 0.43353 0.16211 0.44725 0.16650 0.43497 0.17334 0.44798 0.16504 0.44870 0.15430 0.45737 0.14160 0.46460 0.13379 0.46893 0.12207 0.48049 0.11230 0.49783 0.10010 0.51445 0.09131 0.52168 0.08838 0.54046 0.09180 0.56142 0.09131 0.56792 0.09131 0.57948 0.09863 0.58887
0 0.47852 0.78396 0.47363 0.78396 0.47168 0.77818 0.46680 0.77673 0.46436 0.77168 0.46533 0.75289 0.46338 0.74855 0.46338 0.73266 0.46582 0.72760 0.46973 0.72905 0.47168 0.72616 0.47607 0.72688 0.47217 0.73699 0.47900 0.74566 0.47607 0.74855 0.48096 0.75145 0.47900 0.75578 0.48096 0.76156 0.47754 0.76084 0.47510 0.76445 0.47510 0.78035 0.47852 0.78396
